10
10
m 0 9
w 7 0
w 7 1
w 7 2
w 7 3
w 7 4
w 7 5
w 7 6
w 7 7
w 7 8
w 3 0
w 3 1
w 3 2
w 3 3
w 3 4
w 3 5
w 3 6
w 3 7
w 3 8
w 5 2
w 5 3
w 5 4
w 5 5
w 5 6
w 4 0
w 4 1
w 4 2
w 4 3
w 4 4
w 4 5
w 4 6
w 4 7
w 4 8
w 5 7
w 5 8
w 5 0
w 9 1
w 9 2
w 9 3
w 9 4
w 9 5
w 9 6
w 9 7
w 9 8
w 9 9
w 1 1
w 1 2
w 1 3
w 1 4
w 1 5
w 1 6
w 1 7
w 1 8
w 1 9
w 5 1
w 6 0
w 6 1
w 6 2
w 6 3
w 6 4
w 6 5
w 6 6
w 6 7
w 6 8
1 9 0
2 9 0
3 9 0
p 3 9
p 7 9
p 8 4
p 8 5
p 0 0
p 8 1
p 0 1
p 8 2
p 0 2
p 0 3
p 0 4
p 0 5
p 0 6
p 0 7
p 4 9
p 0 8
p 8 3
p 8 6
p 8 7
p 8 8
p 8 9
p 9 0
p 1 0
p 5 9
p 2 0
p 2 1
p 2 2
p 2 3
p 2 4
p 2 5
p 2 6
p 2 7
p 2 8
p 6 9
p 2 9
p 8 0
t 200.0 0
m 0 9
1 9 0
2 9 0
3 8 0
t 199.0 0
m 0 9
1 8 0
2 8 0
3 9 0
t 198.0 0
m 0 8
1 9 0
2 9 0
3 9 0
t 197.0 2
m 0 8
1 8 0
2 8 0
3 8 0
f 0 9
t 196.0 2
m 0 9
1 8 0
2 8 0
3 8 0
t 195.0 12
m 0 9
1 9 0
2 8 0
3 8 0
t 194.0 12
m 0 9
1 9 0
2 8 1
3 9 0
t 193.0 12
m 0 9
1 9 0
2 8 0
3 9 0
t 192.0 12
m 0 8
1 8 0
2 8 1
3 8 0
t 191.0 22
m 0 9
1 9 0
2 8 0
3 8 0
t 190.0 22
m 0 9
1 9 0
2 9 0
3 9 0
t 189.0 22
m 0 9
1 8 0
2 9 0
3 9 0
t 188.0 22
m 0 9
1 8 0
2 8 0
3 9 0
t 187.0 22
m 0 8
1 8 1
2 9 0
3 8 0
t 186.0 32
m 0 8
1 8 0
2 9 0
3 9 0
t 185.0 32
m 0 8
1 8 0
2 8 0
3 9 0
t 184.0 32
m 0 7
1 8 0
2 8 0
3 9 0
t 183.0 35
m 0 7
1 8 1
2 8 0
3 9 0
t 182.0 35
m 0 7
1 8 1
2 9 0
3 9 0
t 181.0 35
m 0 8
1 8 1
2 9 0
3 8 0
t 180.0 35
m 0 7
1 8 1
2 8 0
3 8 0
t 179.0 45
m 0 7
1 8 1
2 8 1
3 8 1
t 178.0 45
m 0 7
1 8 0
2 8 1
3 8 1
t 177.0 45
m 0 8
1 8 0
2 8 0
3 8 0
t 176.0 45
m 0 8
1 8 0
2 9 0
3 9 0
t 175.0 45
m 0 8
1 8 1
2 8 0
3 9 0
t 174.0 45
m 0 8
1 8 1
2 9 0
3 8 0
t 173.0 45
m 0 8
1 8 2
2 9 0
3 8 1
t 172.0 45
m 0 8
1 8 3
2 9 0
3 8 1
t 171.0 45
m 0 9
1 8 4
2 9 0
3 8 0
t 170.0 45
m 0 9
1 8 4
2 9 0
3 8 0
t 169.0 45
m 0 9
1 8 3
2 9 0
3 8 0
t 168.0 45
m 0 8
1 8 3
2 9 0
3 8 1
t 167.0 45
m 0 8
1 8 4
2 9 0
3 8 1
t 166.0 45
m 0 8
1 8 5
2 9 0
3 8 2
t 165.0 45
m 0 8
1 8 6
2 9 0
3 8 1
t 164.0 45
m 0 9
1 8 7
2 8 0
3 8 1
t 163.0 45
m 0 9
1 8 7
2 8 0
3 8 1
t 162.0 45
m 0 9
1 8 6
2 8 0
3 8 2
t 161.0 45
m 0 8
1 8 6
2 9 0
3 8 2
t 160.0 45
m 0 8
1 8 5
2 8 0
3 8 3
t 159.0 45
m 0 7
1 8 5
2 8 1
3 8 4
t 158.0 45
m 0 7
1 8 5
2 8 1
3 8 4
t 157.0 45
m 0 7
1 8 5
2 8 0
3 8 4
t 156.0 45
m 0 8
1 8 5
2 8 0
3 8 4
t 155.0 45
m 0 9
1 8 6
2 8 0
3 8 4
t 154.0 45
m 0 9
1 8 5
2 9 0
3 8 4
t 153.0 45
m 0 9
1 8 6
2 9 0
3 8 4
t 152.0 45
m 0 9
1 8 6
2 9 0
3 8 4
t 151.0 45
m 0 8
1 8 6
2 8 0
3 8 3
t 150.0 45
m 0 8
1 8 6
2 8 0
3 8 3
t 149.0 45
m 0 8
1 8 6
2 8 0
3 8 3
f 0 7
t 148.0 45
m 0 9
1 8 5
2 8 0
3 8 2
t 147.0 45
m 0 8
1 8 4
2 8 1
3 8 1
t 146.0 45
m 0 9
1 8 4
2 8 2
3 8 1
t 145.0 45
m 0 9
1 8 5
2 8 2
3 8 0
t 144.0 45
m 0 8
1 8 5
2 8 2
3 8 0
t 143.0 45
m 0 8
1 8 5
2 8 1
3 8 0
t 142.0 45
m 0 8
1 8 6
2 8 1
3 8 0
t 141.0 45
m 0 7
1 8 6
2 8 1
3 8 0
t 140.0 55
m 0 7
1 8 6
2 8 2
3 8 0
t 139.0 55
m 0 6
1 8 6
2 8 2
3 9 0
t 138.0 58
m 0 7
1 8 5
2 8 3
3 9 0
t 137.0 68
m 0 7
1 8 6
2 8 3
3 9 0
t 136.0 68
m 0 7
1 8 6
2 8 4
3 9 0
t 135.0 68
m 0 7
1 8 6
2 8 4
3 9 0
f 0 9
t 134.0 68
m 0 6
1 8 6
2 8 3
3 9 0
t 133.0 68
m 0 7
1 8 5
2 8 3
3 8 0
t 132.0 68
m 0 6
1 8 6
2 8 4
3 8 1
t 131.0 68
m 0 6
1 8 5
2 8 3
3 8 0
t 130.0 68
m 0 7
1 8 4
2 8 2
3 8 0
t 129.0 68
m 0 7
1 8 4
2 8 2
3 8 0
t 128.0 68
m 0 7
1 8 3
2 8 1
3 8 1
t 127.0 68
m 0 7
1 8 2
2 8 1
3 8 1
t 126.0 68
m 0 7
1 8 3
2 8 0
3 8 2
t 125.0 68
m 0 8
1 8 4
2 8 1
3 8 3
t 124.0 68
m 0 8
1 8 3
2 8 2
3 8 3
t 123.0 68
m 0 8
1 8 3
2 8 2
3 8 3
t 122.0 68
m 0 8
1 8 3
2 8 2
3 8 3
t 121.0 68
m 0 8
1 8 3
2 8 2
3 8 4
t 120.0 68
m 0 8
1 8 3
2 8 2
3 8 4
t 119.0 68
m 0 9
1 8 3
2 8 1
3 8 4
t 118.0 78
m 0 8
1 8 3
2 8 1
3 8 5
f 0 6
t 117.0 78
m 0 8
1 8 2
2 8 2
3 8 5
t 116.0 78
m 0 8
1 8 2
2 8 3
3 8 5
t 115.0 78
m 0 7
1 8 1
2 8 3
3 8 5
t 114.0 78
m 0 7
1 8 2
2 8 3
3 8 6
t 113.0 78
m 0 7
1 8 1
2 8 3
3 8 7
t 112.0 78
m 0 7
1 8 2
2 8 3
3 8 7
t 111.0 78
m 0 7
1 8 2
2 8 4
3 8 6
t 110.0 78
m 0 7
1 8 3
2 8 4
3 8 6
t 109.0 78
m 0 7
1 8 3
2 8 3
3 8 6
t 108.0 78
m 0 6
1 8 2
2 8 3
3 8 6
t 107.0 88
m 0 6
1 8 1
2 8 3
3 8 6
t 106.0 88
m 0 6
1 8 1
2 8 2
3 8 5
t 105.0 88
m 0 6
1 8 0
2 8 1
3 8 4
t 104.0 88
m 0 6
1 8 0
2 8 2
3 8 5
t 103.0 88
m 0 6
1 8 0
2 8 3
3 8 5
t 102.0 88
m 0 6
1 8 0
2 8 2
3 8 5
t 101.0 88
m 0 6
1 9 0
2 8 3
3 8 6
t 100.0 88
m 0 6
1 9 0
2 8 4
3 8 7
t 99.0 88
m 0 6
1 9 0
2 8 5
3 8 8
t 98.0 88
m 0 5
1 9 0
2 8 5
3 8 9
t 97.0 91
m 0 5
1 9 0
2 8 5
3 7 9
t 96.0 91
m 0 6
1 9 0
2 8 6
3 7 9
t 95.0 91
m 0 5
1 8 0
2 8 6
3 6 9
t 94.0 91
m 0 4
1 9 0
2 8 6
3 6 9
t 93.0 93
m 0 5
1 8 0
2 8 6
3 5 9
t 92.0 93
m 0 6
1 8 0
2 8 6
3 5 9
t 91.0 93
m 0 6
1 8 1
2 8 7
3 5 9
t 90.0 93
m 0 6
1 8 1
2 8 7
3 5 9
t 89.0 93
m 0 5
1 8 1
2 8 6
3 5 9
t 88.0 93
m 0 6
1 8 2
2 8 6
3 6 9
f 0 4
t 87.0 93
m 0 6
1 8 2
2 8 6
3 6 9
t 86.0 93
m 0 5
1 8 3
2 8 5
3 6 9
t 85.0 93
m 0 5
1 8 3
2 8 6
3 6 9
t 84.0 93
m 0 5
1 8 4
2 8 5
3 7 9
t 83.0 93
m 0 5
1 8 3
2 8 5
3 7 9
t 82.0 93
m 0 5
1 8 2
2 8 6
3 7 9
t 81.0 93
m 0 5
1 8 2
2 8 6
3 7 9
t 80.0 93
m 0 6
1 8 2
2 8 7
3 7 9
t 79.0 93
m 0 6
1 8 2
2 8 8
3 6 9
t 78.0 93
m 0 6
1 8 2
2 8 9
3 7 9
t 77.0 93
m 0 6
1 8 2
2 7 9
3 8 9
t 76.0 93
m 0 6
1 8 3
2 7 9
3 8 9
t 75.0 93
m 0 7
1 8 3
2 6 9
3 7 9
t 74.0 93
m 0 7
1 8 4
2 5 9
3 8 9
t 73.0 93
m 0 8
1 8 4
2 4 9
3 8 8
t 72.0 93
m 0 8
1 8 4
2 5 9
3 8 7
t 71.0 93
m 0 9
1 8 4
2 6 9
3 8 6
t 70.0 93
m 0 9
1 8 5
2 5 9
3 8 6
t 69.0 93
m 0 9
1 8 5
2 5 9
3 8 6
t 68.0 93
m 0 9
1 8 4
2 6 9
3 8 6
t 67.0 93
m 0 9
1 8 4
2 6 9
3 8 7
t 66.0 93
m 0 9
1 8 3
2 5 9
3 8 8
t 65.0 93
m 0 8
1 8 2
2 5 9
3 8 8
t 64.0 93
m 0 8
1 8 1
2 5 9
3 8 8
t 63.0 93
m 0 8
1 8 2
2 6 9
3 8 7
t 62.0 93
m 0 8
1 8 1
2 6 9
3 8 6
t 61.0 93
m 0 8
1 8 1
2 7 9
3 8 6
t 60.0 93
m 0 9
1 8 1
2 8 9
3 8 5
t 59.0 93
m 0 9
1 8 1
2 7 9
3 8 5
t 58.0 93
m 0 8
1 8 1
2 6 9
3 8 4
t 57.0 93
m 0 7
1 8 2
2 6 9
3 8 5
t 56.0 93
m 0 6
1 8 3
2 7 9
3 8 6
t 55.0 93
m 0 6
1 8 2
2 6 9
3 8 7
t 54.0 93
m 0 7
1 8 2
2 7 9
3 8 7
t 53.0 93
m 0 7
1 8 2
2 8 9
3 8 7
t 52.0 93
m 0 8
1 8 1
2 7 9
3 8 7
t 51.0 93
m 0 8
1 8 1
2 7 9
3 8 7
t 50.0 93
m 0 9
1 8 1
2 8 9
3 8 8
t 49.0 93
m 0 9
1 8 2
2 7 9
3 8 9
t 48.0 93
m 0 8
1 8 2
2 8 9
3 8 9
t 47.0 93
m 0 9
1 8 2
2 8 9
3 7 9
t 46.0 93
m 0 9
1 8 2
2 8 9
3 6 9
t 45.0 93
m 0 9
1 8 2
2 8 9
3 6 9
t 44.0 93
m 0 9
1 8 2
2 8 8
3 5 9
t 43.0 93
m 0 9
1 8 1
2 8 7
3 5 9
t 42.0 93
m 0 9
1 8 1
2 8 6
3 4 9
t 41.0 93
m 0 8
1 8 1
2 8 5
3 5 9
t 40.0 93
m 0 9
1 8 1
2 8 5
3 5 9
t 39.0 93
m 0 9
1 8 2
2 8 5
3 4 9
t 38.0 93
m 0 9
1 8 1
2 8 6
3 5 9
t 37.0 93
m 0 9
1 8 0
2 8 6
3 4 9
t 36.0 93
m 0 9
1 8 0
2 8 7
3 4 9
t 35.0 93
m 0 9
1 9 0
2 8 6
3 5 9
t 34.0 93
m 0 9
1 9 0
2 8 6
3 4 9
t 33.0 93
m 0 9
1 9 0
2 8 6
3 4 9
t 32.0 93
m 0 9
1 8 0
2 8 6
3 3 9
t 31.0 93
m 0 9
1 8 1
2 8 6
3 4 9
t 30.0 93
m 0 9
1 8 2
2 8 5
3 4 9
t 29.0 93
m 0 9
1 8 3
2 8 5
3 5 9
t 28.0 93
m 0 9
1 8 3
2 8 5
3 6 9
t 27.0 93
m 0 9
1 8 2
2 8 6
3 6 9
t 26.0 93
m 0 9
1 8 1
2 8 7
3 6 9
t 25.0 93
m 0 9
1 8 0
2 8 6
3 6 9
t 24.0 93
m 0 9
1 9 0
2 8 7
3 7 9
t 23.0 93
m 0 9
1 9 0
2 8 8
3 7 9
t 22.0 93
m 0 8
1 9 0
2 8 7
3 8 9
t 21.0 93
m 0 8
1 9 0
2 8 7
3 8 9
t 20.0 93
m 0 8
1 9 0
2 8 7
3 8 9
t 19.0 93
m 0 8
1 9 0
2 8 7
3 8 9
t 18.0 93
m 0 8
1 9 0
2 8 7
3 8 9
t 17.0 93
m 0 7
1 9 0
2 8 7
3 8 8
t 16.0 93
m 0 7
1 9 0
2 8 6
3 8 8
t 15.0 93
m 0 6
1 8 0
2 8 5
3 8 9
t 14.0 93
m 0 6
1 8 0
2 8 5
3 8 9
t 13.0 93
m 0 5
1 9 0
2 8 6
3 7 9
t 12.0 93
m 0 5
1 9 0
2 8 5
3 7 9
t 11.0 93
m 0 5
1 9 0
2 8 6
3 7 9
t 10.0 93
m 0 5
1 9 0
2 8 6
3 7 9
t 9.0 93
m 0 5
1 9 0
2 8 7
3 8 9
t 8.0 93
m 0 6
1 8 0
2 8 7
3 8 8
t 7.0 93
m 0 6
1 9 0
2 8 7
3 8 8
t 6.0 93
m 0 6
1 8 0
2 8 7
3 8 8
t 5.0 93
m 0 6
1 8 1
2 8 6
3 8 9
t 4.0 93
m 0 5
1 8 0
2 8 6
3 7 9
t 3.0 93
m 0 4
1 9 0
2 8 6
3 7 9
t 2.0 103
m 0 3
1 8 0
2 8 6
3 8 9
t 1.0 106
m 0 3
1 8 0
2 8 5
3 8 9
t 0.0 106
