10
10
m 0 9
w 6 2
w 6 4
w 6 5
w 3 2
w 3 3
w 3 4
w 3 5
w 4 2
w 4 3
w 4 4
w 4 5
w 1 2
w 1 3
w 1 4
w 1 5
w 1 8
w 8 1
w 8 2
w 8 4
w 8 5
w 5 2
w 5 4
w 5 5
w 2 2
w 2 3
1 9 0
2 9 0
3 9 0
p 7 0
p 7 1
p 7 3
p 7 5
p 3 6
p 7 7
p 7 8
p 3 7
p 3 8
p 3 9
p 4 1
p 0 4
p 8 6
p 4 6
p 8 8
p 4 9
p 8 9
p 1 0
p 9 0
p 9 1
p 9 3
p 1 1
p 5 0
p 9 6
p 1 7
p 5 7
p 1 9
p 5 8
p 6 0
p 6 3
p 6 6
p 2 6
p 6 8
p 6 9
p 2 8
p 2 9
t 200 0
m 1 9
1 9 1
2 9 1
3 9 1
t 199 2
m 1 9
1 9 2
2 9 2
3 9 0
t 198 2
m 2 9
1 9 3
2 9 2
3 9 1
t 197 5
m 1 9
1 8 3
2 9 2
3 9 2
t 196 5
m 1 9
1 8 3
2 9 3
3 9 1
t 195 5
m 1 9
1 8 3
2 9 2
3 9 1
t 194 5
m 1 9
1 9 3
2 9 3
3 9 0
t 193 5
m 2 9
1 9 4
2 9 3
3 9 1
t 192 5
m 2 9
1 9 4
2 9 3
3 9 0
t 191 5
m 2 8
1 9 5
2 9 4
3 9 0
t 190 8
m 2 8
1 9 4
2 9 3
3 8 0
t 189 8
m 2 7
1 9 5
2 8 3
3 7 0
t 188 8
m 2 6
1 9 6
2 9 3
3 6 0
t 187 11
m 1 6
1 8 6
2 8 3
3 5 0
t 186 11
m 0 6
1 8 7
2 8 3
3 5 1
t 185 11
m 0 5
1 8 6
2 9 3
3 5 1
f 5 9
t 184 11
m 0 5
1 8 7
2 9 4
3 6 1
t 183 11
m 0 4
1 7 7
2 9 4
3 7 1
t 182 13
m 0 5
1 6 7
2 9 5
3 7 0
t 181 13
m 0 5
1 6 6
2 9 5
3 7 0
t 180 13
m 0 5
1 7 6
2 9 6
3 7 1
t 179 13
m 0 5
1 6 6
2 9 5
3 6 1
t 178 13
m 0 5
1 5 6
2 9 5
3 6 0
t 177 13
m 0 6
1 5 6
2 9 4
3 6 1
t 176 13
m 0 7
1 5 7
2 9 4
3 6 0
t 175 13
m 0 8
1 4 7
2 9 5
3 5 0
t 174 13
m 0 8
1 4 6
2 9 6
3 6 0
t 173 13
m 0 9
1 3 6
2 9 5
3 6 1
t 172 13
m 1 9
1 2 6
2 9 6
3 6 1
t 171 13
m 1 9
1 3 6
2 8 6
3 6 1
t 170 13
m 1 9
1 2 6
2 8 6
3 5 1
t 169 13
m 0 9
1 2 7
2 7 6
3 6 1
t 168 13
m 0 9
1 2 8
2 7 5
3 5 1
t 167 13
m 0 9
1 3 8
2 7 4
3 5 1
t 166 13
m 1 9
1 2 8
2 7 4
3 5 0
t 165 13
m 2 9
1 3 8
2 7 4
3 6 0
t 164 13
m 2 8
1 3 7
2 7 4
3 6 1
t 163 13
m 2 8
1 3 6
2 7 3
3 6 0
t 162 13
m 2 9
1 3 7
2 7 2
3 5 0
t 161 13
m 2 8
1 3 8
2 7 2
3 4 0
t 160 13
m 2 8
1 3 9
2 7 3
3 5 0
t 159 13
m 2 8
1 4 9
2 7 4
3 5 1
t 158 13
m 2 8
1 4 9
2 7 4
3 5 0
t 157 13
m 2 8
1 4 9
2 7 3
3 4 0
t 156 13
m 3 8
1 4 8
2 6 3
3 4 0
t 155 16
m 3 9
1 5 8
2 6 3
3 4 1
t 154 19
m 3 8
1 6 8
2 7 3
3 5 1
t 153 19
m 3 9
1 6 7
2 7 4
3 5 1
t 152 19
m 3 8
1 7 7
2 7 5
3 5 0
t 151 19
m 3 9
1 8 7
2 7 4
3 6 0
t 150 19
m 4 9
1 8 8
2 7 3
3 6 1
t 149 22
m 4 8
1 8 7
2 7 2
3 5 1
t 148 22
m 4 7
1 7 7
2 7 1
3 5 1
t 147 22
m 4 7
1 6 7
2 6 1
3 5 1
t 146 22
m 4 7
1 5 7
2 6 0
3 5 1
t 145 22
m 4 6
1 5 8
2 5 0
3 5 0
t 144 25
m 4 6
1 6 8
2 5 1
3 4 0
t 143 25
m 4 6
1 6 9
2 5 1
3 3 0
t 142 25
m 4 6
1 7 9
2 5 1
3 2 0
t 141 25
m 4 7
1 7 9
2 5 1
3 3 0
t 140 25
m 4 8
1 6 9
2 5 0
3 2 0
t 139 25
m 5 8
1 5 9
2 6 0
3 1 0
t 138 27
m 5 8
1 5 9
2 6 0
3 1 1
t 137 27
m 5 8
1 4 9
2 6 0
3 1 1
t 136 27
m 5 9
1 4 8
2 6 0
3 1 0
t 135 37
m 5 9
1 3 8
2 5 0
3 2 0
t 134 37
m 6 9
1 3 9
2 5 0
3 3 0
t 133 40
m 6 9
1 2 9
2 6 0
3 3 0
t 132 40
m 6 9
1 2 9
2 6 0
3 3 1
t 131 40
m 6 9
1 2 8
2 7 0
3 2 1
t 130 40
m 6 8
1 3 8
2 6 0
3 3 1
t 129 43
m 6 7
1 2 8
2 7 0
3 3 0
t 128 43
m 6 6
1 2 8
2 7 0
3 3 0
t 127 46
m 5 6
1 2 8
2 7 1
3 3 0
t 126 46
m 6 6
1 2 9
2 7 1
3 3 1
t 125 46
m 5 6
1 2 8
2 6 1
3 3 1
t 124 46
m 5 6
1 3 8
2 6 0
3 3 1
t 123 46
m 4 6
1 2 8
2 7 0
3 2 1
t 122 46
m 3 6
1 3 8
2 7 1
3 3 1
t 121 48
m 4 6
1 3 7
2 7 1
3 4 1
t 120 48
m 4 6
1 3 8
2 7 0
3 5 1
f 2 9
t 119 48
m 4 7
1 3 7
2 6 0
3 6 1
t 118 48
m 4 8
1 3 6
2 6 1
3 6 1
t 117 48
m 3 8
1 4 6
2 5 1
3 7 1
t 116 48
m 4 8
1 4 7
2 5 0
3 7 0
t 115 48
m 5 8
1 5 7
2 5 0
3 8 0
t 114 48
m 5 9
1 6 7
2 4 0
3 8 0
t 113 48
m 5 9
1 6 8
2 3 0
3 7 0
t 112 48
m 5 9
1 7 8
2 4 0
3 7 0
t 111 48
m 5 8
1 6 8
2 5 0
3 7 1
t 110 48
m 5 7
1 5 8
2 4 0
3 7 2
t 109 51
m 5 8
1 4 8
2 3 0
3 7 3
t 108 51
m 5 7
1 3 8
2 3 0
3 7 2
t 107 51
m 6 7
1 4 8
2 4 0
3 7 2
t 106 51
m 6 8
1 4 9
2 5 0
3 7 3
t 105 51
m 6 8
1 4 9
2 5 1
3 7 4
t 104 51
m 6 8
1 4 8
2 6 1
3 7 4
t 103 51
m 7 8
1 5 8
2 5 1
3 7 5
t 102 54
m 7 8
1 5 9
2 6 1
3 7 4
t 101 54
m 7 8
1 5 8
2 5 1
3 7 4
t 100 54
m 7 8
1 4 8
2 6 1
3 7 4
t 99 54
m 7 7
1 3 8
2 6 1
3 7 4
t 98 57
m 7 8
1 3 9
2 5 1
3 7 4
t 97 57
m 8 8
1 3 9
2 5 0
3 7 4
t 96 60
m 7 8
1 2 9
2 4 0
3 7 4
t 95 60
m 7 7
1 2 8
2 4 1
3 7 4
t 94 60
m 7 6
1 2 7
2 4 1
3 7 4
t 93 60
m 7 7
1 2 8
2 5 1
3 7 3
t 92 60
m 7 6
1 2 9
2 5 0
3 8 3
t 91 60
m 6 6
1 2 8
2 4 0
3 9 3
t 90 60
m 5 6
1 2 8
2 4 1
3 9 4
t 89 60
m 5 6
1 3 8
2 4 1
3 9 4
t 88 60
m 5 6
1 2 8
2 5 1
3 9 4
t 87 60
m 5 6
1 2 8
2 6 1
3 9 4
t 86 60
m 6 6
1 2 8
2 6 0
3 9 4
t 85 60
m 6 6
1 2 8
2 7 0
3 9 5
t 84 60
m 6 6
1 3 8
2 7 1
3 9 6
t 83 60
m 6 6
1 4 8
2 7 1
3 8 6
t 82 60
m 7 6
1 4 9
2 6 1
3 9 6
t 81 60
m 7 5
1 3 9
2 6 1
3 8 6
t 80 62
m 7 5
1 4 9
2 6 0
3 9 6
t 79 62
m 7 5
1 3 9
2 5 0
3 9 5
t 78 62
m 7 5
1 3 8
2 6 0
3 9 5
t 77 62
m 7 4
1 4 8
2 5 0
3 9 6
t 76 62
m 7 3
1 5 8
2 5 1
3 8 6
t 75 65
m 8 3
1 4 8
2 5 0
3 7 6
t 74 65
m 7 3
1 3 8
2 5 0
3 6 6
t 73 65
m 8 3
1 3 9
2 5 1
3 6 6
t 72 65
m 8 3
1 4 9
2 5 0
3 6 7
t 71 65
m 8 3
1 5 9
2 4 0
3 5 7
t 70 65
m 8 3
1 4 9
2 4 1
3 4 7
t 69 65
m 8 3
1 4 9
2 4 0
3 5 7
t 68 65
m 8 3
1 4 8
2 5 0
3 4 7
t 67 65
m 8 3
1 5 8
2 6 0
3 5 7
t 66 65
m 8 3
1 4 8
2 5 0
3 5 8
t 65 65
m 8 3
1 4 9
2 5 0
3 5 7
t 64 65
m 8 3
1 4 8
2 5 0
3 5 6
t 63 65
m 9 3
1 5 8
2 4 0
3 5 6
t 62 68
m 9 2
1 4 8
2 4 0
3 4 6
t 61 68
m 9 3
1 3 8
2 3 0
3 4 6
t 60 68
m 9 3
1 3 9
2 4 0
3 4 7
t 59 68
m 9 2
1 4 9
2 4 1
3 4 6
t 58 68
m 9 1
1 4 8
2 5 1
3 4 7
t 57 71
m 9 1
1 3 8
2 5 0
3 5 7
t 56 71
m 9 1
1 3 9
2 5 0
3 6 7
t 55 71
m 9 1
1 3 9
2 5 1
3 6 6
t 54 71
m 9 1
1 3 9
2 5 1
3 6 6
t 53 71
m 9 1
1 2 9
2 4 1
3 7 6
t 52 71
m 9 1
1 2 8
2 4 1
3 7 5
t 51 71
m 9 2
1 2 7
2 3 1
3 7 6
t 50 71
m 9 3
1 2 8
2 3 1
3 8 6
t 49 71
m 9 3
1 2 8
2 2 1
3 9 6
t 48 71
m 9 3
1 2 7
2 2 1
3 9 5
t 47 71
m 9 3
1 1 7
2 2 0
3 9 6
t 46 71
m 9 4
1 2 7
2 3 0
3 9 7
t 45 71
m 9 4
1 3 7
2 3 0
3 9 8
t 44 71
m 9 4
1 3 8
2 3 1
3 8 8
t 43 71
m 9 5
1 3 9
2 4 1
3 8 7
t 42 71
m 9 6
1 3 9
2 5 1
3 8 6
t 41 73
m 8 6
1 3 9
2 5 1
3 8 7
t 40 76
m 7 6
1 3 9
2 5 0
3 8 8
t 39 76
m 7 5
1 2 9
2 5 1
3 9 8
t 38 76
m 7 4
1 1 9
2 6 1
3 9 7
t 37 76
m 7 4
1 2 9
2 5 1
3 9 6
t 36 76
m 7 4
1 2 8
2 6 1
3 9 6
t 35 76
m 7 4
1 3 8
2 6 0
3 9 6
t 34 76
m 7 3
1 3 7
2 6 0
3 9 7
t 33 76
m 7 3
1 4 7
2 6 0
3 9 8
t 32 76
m 8 3
1 4 6
2 6 0
3 8 8
t 31 76
m 8 3
1 4 7
2 7 0
3 8 9
t 30 76
m 9 3
1 3 7
2 7 0
3 8 8
t 29 76
m 9 2
1 2 7
2 6 0
3 7 8
t 28 76
m 9 2
1 2 6
2 6 0
3 8 8
t 27 76
m 9 2
1 3 6
2 5 0
3 8 9
t 26 76
m 9 2
1 4 6
2 5 1
3 8 9
t 25 76
m 9 1
1 4 7
2 6 1
3 7 9
t 24 76
m 9 0
1 5 7
2 7 1
3 7 8
t 23 79
m 8 0
1 4 7
2 7 2
3 7 9
t 22 79
m 8 0
1 4 6
2 7 3
3 7 9
t 21 79
m 8 0
1 5 6
2 8 3
3 7 8
t 20 79
m 8 0
1 6 6
2 8 3
3 7 7
t 19 79
m 8 0
1 7 6
2 9 3
3 8 7
t 18 79
m 7 0
1 7 5
2 9 3
3 9 7
t 17 82
m 6 0
1 7 4
2 9 4
3 9 7
t 16 85
m 5 0
1 7 4
2 9 4
3 9 7
t 15 87
m 5 0
1 7 4
2 9 3
3 8 7
t 14 87
m 5 0
1 7 3
2 8 3
3 8 8
t 13 87
m 5 0
1 7 4
2 7 3
3 8 9
t 12 87
m 5 1
1 7 3
2 8 3
3 9 9
t 11 87
m 4 1
1 7 2
2 7 3
3 9 8
t 10 90
m 5 1
1 7 1
2 6 3
3 9 8
t 9 90
m 4 1
1 7 0
2 6 3
3 9 9
t 8 90
m 5 1
1 7 0
2 6 3
3 9 8
t 7 90
m 5 0
1 7 0
2 7 3
3 9 9
t 6 90
m 5 0
1 7 1
2 7 2
3 9 9
t 5 90
m 6 0
1 7 2
2 7 2
3 9 8
t 4 90
m 6 0
1 7 3
2 7 3
3 8 8
t 3 90
m 5 0
1 6 3
2 7 4
3 7 8
t 2 90
m 4 0
1 5 3
2 7 4
3 8 8
t 1 90
m 4 0
1 5 3
2 7 4
3 8 9
t 0 90
