30
20
m 0 19
w 28 0
w 28 1
w 28 2
w 28 3
w 28 4
w 28 5
w 28 6
w 28 7
w 28 8
w 28 9
w 28 10
w 28 11
w 28 12
w 28 13
w 28 14
w 28 15
w 28 16
w 28 17
w 28 18
w 22 0
w 22 1
w 22 2
w 22 3
w 22 4
w 22 5
w 22 6
w 22 7
w 22 8
w 22 9
w 22 10
w 22 11
w 22 12
w 22 13
w 22 14
w 22 15
w 22 16
w 22 17
w 22 18
w 16 0
w 16 1
w 16 2
w 16 3
w 16 4
w 16 5
w 16 6
w 16 7
w 16 8
w 16 9
w 16 10
w 16 11
w 16 12
w 16 13
w 16 14
w 16 15
w 16 16
w 16 17
w 16 18
w 10 0
w 10 1
w 10 2
w 10 3
w 10 4
w 10 5
w 10 6
w 10 7
w 10 8
w 10 9
w 10 10
w 10 11
w 10 12
w 10 13
w 10 14
w 10 15
w 10 16
w 10 17
w 10 18
w 4 0
w 4 1
w 4 2
w 4 3
w 4 4
w 4 5
w 4 6
w 4 7
w 4 8
w 4 9
w 4 10
w 4 11
w 4 12
w 4 13
w 4 14
w 4 15
w 4 16
w 4 17
w 4 18
w 27 0
w 27 1
w 27 2
w 27 3
w 27 4
w 27 5
w 27 6
w 27 7
w 27 8
w 27 9
w 27 10
w 27 11
w 27 12
w 27 13
w 27 14
w 27 15
w 27 16
w 27 17
w 27 18
w 21 0
w 21 1
w 21 2
w 21 3
w 21 4
w 21 5
w 21 6
w 21 7
w 21 8
w 21 9
w 21 10
w 21 11
w 21 12
w 21 13
w 21 14
w 21 15
w 21 16
w 21 17
w 21 18
w 15 0
w 15 1
w 15 2
w 15 3
w 15 4
w 15 5
w 15 6
w 15 7
w 15 8
w 15 9
w 15 10
w 15 11
w 15 12
w 15 13
w 15 14
w 15 15
w 15 16
w 15 17
w 15 18
w 9 0
w 9 1
w 9 2
w 9 3
w 9 4
w 9 5
w 9 6
w 9 7
w 9 8
w 9 9
w 9 10
w 9 11
w 9 12
w 9 13
w 9 14
w 9 15
w 9 16
w 9 17
w 9 18
w 3 0
w 3 1
w 3 2
w 3 3
w 3 4
w 3 5
w 3 6
w 3 7
w 3 8
w 3 9
w 3 10
w 3 11
w 3 12
w 3 13
w 3 14
w 3 15
w 3 16
w 3 17
w 3 18
w 26 0
w 26 1
w 26 2
w 26 3
w 26 4
w 26 5
w 26 6
w 26 7
w 26 8
w 26 9
w 26 10
w 26 11
w 26 12
w 26 13
w 26 14
w 26 15
w 26 16
w 26 17
w 26 18
w 20 0
w 20 1
w 20 2
w 20 3
w 20 4
w 20 5
w 20 6
w 20 7
w 20 8
w 20 9
w 20 10
w 20 11
w 20 12
w 20 13
w 20 14
w 20 15
w 20 16
w 20 17
w 20 18
w 14 0
w 14 1
w 14 2
w 14 3
w 14 4
w 14 5
w 14 6
w 14 7
w 14 8
w 14 9
w 14 10
w 14 11
w 14 12
w 14 13
w 14 14
w 14 15
w 14 16
w 14 17
w 14 18
w 8 0
w 8 1
w 8 2
w 8 3
w 8 4
w 8 5
w 8 6
w 8 7
w 8 8
w 8 9
w 8 10
w 8 11
w 8 12
w 8 13
w 8 14
w 8 15
w 8 16
w 8 17
w 8 18
w 2 0
w 2 1
w 2 2
w 2 3
w 2 4
w 2 5
w 2 6
w 2 7
w 2 8
w 2 9
w 2 10
w 2 11
w 2 12
w 2 13
w 2 14
w 2 15
w 2 16
w 2 17
w 2 18
w 25 0
w 25 1
w 25 2
w 25 3
w 25 4
w 25 5
w 25 6
w 25 7
w 25 8
w 25 9
w 25 10
w 25 11
w 25 12
w 25 13
w 25 14
w 25 15
w 25 16
w 25 17
w 25 18
w 19 0
w 19 1
w 19 2
w 19 3
w 19 4
w 19 5
w 19 6
w 19 7
w 19 8
w 19 9
w 19 10
w 19 11
w 19 12
w 19 13
w 19 14
w 19 15
w 19 16
w 19 17
w 19 18
w 13 0
w 13 1
w 13 2
w 13 3
w 13 4
w 13 5
w 13 6
w 13 7
w 13 8
w 13 9
w 13 10
w 13 11
w 13 12
w 13 13
w 13 14
w 13 15
w 13 16
w 13 17
w 13 18
w 7 0
w 7 1
w 7 2
w 7 3
w 7 4
w 7 5
w 7 6
w 7 7
w 7 8
w 7 9
w 7 10
w 7 11
w 7 12
w 7 13
w 7 14
w 7 15
w 7 16
w 7 17
w 7 18
w 1 0
w 1 1
w 1 2
w 1 3
w 1 4
w 1 5
w 1 6
w 1 7
w 1 8
w 1 9
w 1 10
w 1 11
w 1 12
w 1 13
w 1 14
w 1 15
w 1 16
w 1 17
w 1 18
w 24 0
w 24 1
w 24 2
w 24 3
w 24 4
w 24 5
w 24 6
w 24 7
w 24 8
w 24 9
w 24 10
w 24 11
w 24 12
w 24 13
w 24 14
w 24 15
w 24 16
w 24 17
w 24 18
w 18 0
w 18 1
w 18 2
w 18 3
w 18 4
w 18 5
w 18 6
w 18 7
w 18 8
w 18 9
w 18 10
w 18 11
w 18 12
w 18 13
w 18 14
w 18 15
w 18 16
w 18 17
w 18 18
w 12 0
w 12 1
w 12 2
w 12 3
w 12 4
w 12 5
w 12 6
w 12 7
w 12 8
w 12 9
w 12 10
w 12 11
w 12 12
w 12 13
w 12 14
w 12 15
w 12 16
w 12 17
w 12 18
w 6 0
w 6 1
w 6 2
w 6 3
w 6 4
w 6 5
w 6 6
w 6 7
w 6 8
w 6 9
w 6 10
w 6 11
w 6 12
w 6 13
w 6 14
w 6 15
w 6 16
w 6 17
w 6 18
w 0 0
w 0 1
w 0 2
w 0 3
w 0 4
w 0 5
w 0 6
w 0 7
w 0 8
w 0 9
w 0 10
w 0 11
w 0 12
w 0 13
w 0 14
w 0 15
w 0 16
w 0 17
w 0 18
w 23 0
w 23 1
w 23 2
w 23 3
w 23 4
w 23 5
w 23 6
w 23 7
w 23 8
w 23 9
w 23 10
w 23 11
w 23 12
w 23 13
w 23 14
w 23 15
w 23 16
w 23 17
w 23 18
w 17 0
w 17 1
w 17 2
w 17 3
w 17 4
w 17 5
w 17 6
w 17 7
w 17 8
w 17 9
w 17 10
w 17 11
w 17 12
w 17 13
w 17 14
w 17 15
w 17 16
w 17 17
w 17 18
w 11 0
w 11 1
w 11 2
w 11 3
w 11 4
w 11 5
w 11 6
w 11 7
w 11 8
w 11 9
w 11 10
w 11 11
w 11 12
w 11 13
w 11 14
w 11 15
w 11 16
w 11 17
w 11 18
w 5 0
w 5 1
w 5 2
w 5 3
w 5 4
w 5 5
w 5 6
w 5 7
w 5 8
w 5 9
w 5 10
w 5 11
w 5 12
w 5 13
w 5 14
w 5 15
w 5 16
w 5 17
w 5 18
1 29 0
2 29 0
3 29 0
p 7 19
p 15 19
p 19 19
p 27 19
p 3 19
p 23 19
p 11 19
p 28 19
p 16 19
p 12 19
p 20 19
p 24 19
p 4 19
p 8 19
p 29 0
p 29 1
p 29 2
p 29 3
p 29 4
p 29 5
p 29 6
p 29 7
p 29 8
p 29 9
p 29 10
p 29 11
p 29 12
p 29 13
p 29 14
p 29 15
p 29 16
p 29 17
p 29 18
p 25 19
p 13 19
p 1 19
p 21 19
p 9 19
p 29 19
p 17 19
p 5 19
p 26 19
p 14 19
p 22 19
p 10 19
p 2 19
p 18 19
p 6 19
t 1200.0 0
m 0 19
1 29 0
2 29 1
3 29 0
t 1199.0 0
m 0 19
1 29 0
2 29 1
3 29 0
t 1198.0 0
m 0 19
1 29 0
2 29 1
3 29 0
t 1197.0 0
m 1 19
1 29 1
2 29 1
3 29 0
t 1196.0 2
m 0 19
1 29 1
2 29 1
3 29 0
t 1195.0 2
m 0 19
1 29 0
2 29 1
3 29 1
t 1194.0 2
m 0 19
1 29 0
2 29 0
3 29 2
t 1193.0 2
m 0 19
1 29 0
2 29 1
3 29 1
t 1192.0 2
m 0 19
1 29 0
2 29 1
3 29 0
t 1191.0 2
m 0 19
1 29 0
2 29 1
3 29 1
t 1190.0 2
m 0 19
1 29 0
2 29 1
3 29 1
t 1189.0 2
m 0 19
1 29 0
2 29 0
3 29 1
t 1188.0 2
m 0 19
1 29 0
2 29 0
3 29 2
t 1187.0 2
m 0 19
1 29 0
2 29 0
3 29 2
f 1 19
t 1186.0 2
m 1 19
1 29 1
2 29 0
3 29 3
t 1185.0 12
m 1 19
1 29 2
2 29 1
3 29 2
t 1184.0 12
m 1 19
1 29 1
2 29 2
3 29 2
t 1183.0 12
m 1 19
1 29 0
2 29 2
3 29 3
t 1182.0 12
m 0 19
1 29 0
2 29 2
3 29 3
t 1181.0 12
m 0 19
1 29 1
2 29 1
3 29 3
t 1180.0 12
m 0 19
1 29 1
2 29 2
3 29 4
t 1179.0 12
m 0 19
1 29 2
2 29 2
3 29 3
t 1178.0 12
m 1 19
1 29 3
2 29 2
3 29 3
t 1177.0 12
m 1 19
1 29 3
2 29 2
3 29 2
t 1176.0 12
m 2 19
1 29 3
2 29 1
3 29 1
t 1175.0 14
m 2 19
1 29 3
2 29 1
3 29 1
t 1174.0 14
m 3 19
1 29 2
2 29 2
3 29 1
t 1173.0 16
m 3 19
1 29 2
2 29 2
3 29 0
t 1172.0 16
m 3 19
1 29 2
2 29 2
3 29 0
t 1171.0 16
m 3 19
1 29 2
2 29 3
3 29 0
t 1170.0 16
m 4 19
1 29 2
2 29 4
3 29 0
t 1169.0 18
m 4 19
1 29 2
2 29 5
3 29 0
t 1168.0 18
m 4 19
1 29 2
2 29 5
3 29 0
t 1167.0 18
m 5 19
1 29 1
2 29 5
3 29 0
t 1166.0 20
m 5 19
1 29 0
2 29 5
3 29 0
t 1165.0 20
m 5 19
1 29 0
2 29 5
3 29 0
t 1164.0 20
m 4 19
1 29 1
2 29 4
3 29 0
t 1163.0 20
m 3 19
1 29 1
2 29 3
3 29 1
t 1162.0 20
m 4 19
1 29 0
2 29 3
3 29 1
t 1161.0 20
m 4 19
1 29 0
2 29 3
3 29 1
t 1160.0 20
m 4 19
1 29 0
2 29 2
3 29 0
t 1159.0 20
m 4 19
1 29 1
2 29 1
3 29 0
t 1158.0 20
m 4 19
1 29 0
2 29 2
3 29 1
t 1157.0 20
m 4 19
1 29 1
2 29 2
3 29 1
t 1156.0 20
m 4 19
1 29 1
2 29 2
3 29 0
t 1155.0 20
m 4 19
1 29 2
2 29 2
3 29 1
t 1154.0 20
m 3 19
1 29 1
2 29 2
3 29 2
t 1153.0 20
m 4 19
1 29 1
2 29 1
3 29 3
t 1152.0 20
m 3 19
1 29 0
2 29 2
3 29 2
t 1151.0 20
m 4 19
1 29 0
2 29 2
3 29 2
t 1150.0 20
m 4 19
1 29 0
2 29 1
3 29 3
t 1149.0 20
m 4 19
1 29 1
2 29 1
3 29 3
t 1148.0 20
m 4 19
1 29 1
2 29 0
3 29 2
t 1147.0 20
m 3 19
1 29 1
2 29 1
3 29 3
t 1146.0 20
m 3 19
1 29 1
2 29 2
3 29 4
t 1145.0 20
m 3 19
1 29 0
2 29 1
3 29 5
t 1144.0 20
m 2 19
1 29 1
2 29 0
3 29 5
t 1143.0 20
m 2 19
1 29 2
2 29 1
3 29 5
t 1142.0 20
m 1 19
1 29 3
2 29 1
3 29 5
t 1141.0 30
m 1 19
1 29 4
2 29 1
3 29 4
t 1140.0 30
m 2 19
1 29 3
2 29 0
3 29 4
f 0 19
t 1139.0 30
m 2 19
1 29 3
2 29 0
3 29 4
t 1138.0 30
m 2 19
1 29 2
2 29 1
3 29 3
t 1137.0 30
m 2 19
1 29 2
2 29 1
3 29 4
t 1136.0 30
m 2 19
1 29 3
2 29 2
3 29 5
t 1135.0 30
m 2 19
1 29 4
2 29 3
3 29 5
t 1134.0 30
m 1 19
1 29 4
2 29 3
3 29 4
t 1133.0 30
m 1 19
1 29 4
2 29 4
3 29 4
t 1132.0 30
m 1 19
1 29 4
2 29 5
3 29 4
t 1131.0 30
m 1 19
1 29 5
2 29 6
3 29 4
t 1130.0 30
m 1 19
1 29 6
2 29 6
3 29 3
t 1129.0 30
m 2 19
1 29 7
2 29 7
3 29 2
t 1128.0 30
m 2 19
1 29 6
2 29 6
3 29 2
t 1127.0 30
m 1 19
1 29 5
2 29 6
3 29 2
t 1126.0 30
m 1 19
1 29 4
2 29 6
3 29 2
t 1125.0 30
m 0 19
1 29 3
2 29 5
3 29 3
t 1124.0 40
m 0 19
1 29 3
2 29 5
3 29 3
t 1123.0 40
m 1 19
1 29 2
2 29 4
3 29 2
t 1122.0 40
m 2 19
1 29 1
2 29 3
3 29 2
t 1121.0 40
m 2 19
1 29 1
2 29 4
3 29 2
t 1120.0 40
m 2 19
1 29 1
2 29 5
3 29 1
t 1119.0 40
m 2 19
1 29 1
2 29 5
3 29 2
t 1118.0 40
m 2 19
1 29 1
2 29 5
3 29 3
t 1117.0 40
m 1 19
1 29 0
2 29 6
3 29 4
t 1116.0 40
m 0 19
1 29 1
2 29 5
3 29 3
t 1115.0 40
m 1 19
1 29 2
2 29 6
3 29 3
t 1114.0 40
m 2 19
1 29 1
2 29 6
3 29 4
t 1113.0 40
m 2 19
1 29 1
2 29 6
3 29 4
t 1112.0 40
m 1 19
1 29 1
2 29 7
3 29 4
f 3 19
t 1111.0 40
m 1 19
1 29 0
2 29 7
3 29 5
t 1110.0 40
m 0 19
1 29 1
2 29 8
3 29 5
t 1109.0 40
m 0 19
1 29 0
2 29 8
3 29 5
t 1108.0 40
m 0 19
1 29 0
2 29 9
3 29 5
t 1107.0 40
m 0 19
1 29 0
2 29 8
3 29 6
t 1106.0 40
m 0 19
1 29 0
2 29 8
3 29 6
t 1105.0 40
m 0 19
1 29 1
2 29 8
3 29 7
t 1104.0 40
m 0 19
1 29 2
2 29 9
3 29 7
t 1103.0 40
m 0 19
1 29 1
2 29 10
3 29 7
t 1102.0 40
m 0 19
1 29 1
2 29 11
3 29 8
t 1101.0 40
m 0 19
1 29 1
2 29 12
3 29 9
t 1100.0 40
m 0 19
1 29 1
2 29 13
3 29 8
t 1099.0 40
m 1 19
1 29 1
2 29 13
3 29 9
t 1098.0 40
m 1 19
1 29 1
2 29 12
3 29 9
t 1097.0 40
m 1 19
1 29 1
2 29 13
3 29 9
t 1096.0 40
m 1 19
1 29 2
2 29 12
3 29 9
t 1095.0 40
m 1 19
1 29 2
2 29 12
3 29 8
t 1094.0 40
m 1 19
1 29 1
2 29 11
3 29 8
t 1093.0 40
m 1 19
1 29 1
2 29 11
3 29 8
t 1092.0 40
m 0 19
1 29 1
2 29 11
3 29 9
t 1091.0 40
m 0 19
1 29 1
2 29 12
3 29 10
t 1090.0 40
m 0 19
1 29 2
2 29 12
3 29 11
t 1089.0 40
m 0 19
1 29 2
2 29 11
3 29 11
t 1088.0 40
m 1 19
1 29 2
2 29 10
3 29 12
t 1087.0 40
m 1 19
1 29 3
2 29 11
3 29 13
t 1086.0 40
m 1 19
1 29 3
2 29 10
3 29 14
t 1085.0 40
m 1 19
1 29 3
2 29 10
3 29 15
t 1084.0 40
m 1 19
1 29 2
2 29 10
3 29 15
t 1083.0 40
m 1 19
1 29 2
2 29 10
3 29 15
t 1082.0 40
m 1 19
1 29 2
2 29 10
3 29 15
t 1081.0 40
m 1 19
1 29 2
2 29 10
3 29 14
t 1080.0 40
m 0 19
1 29 2
2 29 10
3 29 15
t 1079.0 40
m 0 19
1 29 2
2 29 11
3 29 16
t 1078.0 40
m 0 19
1 29 2
2 29 11
3 29 17
t 1077.0 40
m 0 19
1 29 3
2 29 10
3 29 16
t 1076.0 40
m 1 19
1 29 4
2 29 11
3 29 15
t 1075.0 40
m 1 19
1 29 4
2 29 12
3 29 15
t 1074.0 40
m 1 19
1 29 3
2 29 13
3 29 16
t 1073.0 40
m 1 19
1 29 3
2 29 12
3 29 15
t 1072.0 40
m 1 19
1 29 2
2 29 12
3 29 15
t 1071.0 40
m 1 19
1 29 2
2 29 11
3 29 16
t 1070.0 40
m 2 19
1 29 3
2 29 10
3 29 16
t 1069.0 40
m 2 19
1 29 3
2 29 10
3 29 16
t 1068.0 40
m 2 19
1 29 3
2 29 9
3 29 16
t 1067.0 40
m 2 19
1 29 2
2 29 9
3 29 15
t 1066.0 40
m 3 19
1 29 2
2 29 9
3 29 16
t 1065.0 50
m 2 19
1 29 2
2 29 8
3 29 15
t 1064.0 50
m 2 19
1 29 2
2 29 8
3 29 14
f 4 19
t 1063.0 50
m 2 19
1 29 3
2 29 7
3 29 14
t 1062.0 50
m 2 19
1 29 4
2 29 7
3 29 13
t 1061.0 50
m 1 19
1 29 5
2 29 6
3 29 12
t 1060.0 50
m 1 19
1 29 5
2 29 7
3 29 12
t 1059.0 50
m 1 19
1 29 4
2 29 6
3 29 12
t 1058.0 50
m 2 19
1 29 5
2 29 5
3 29 13
t 1057.0 50
m 2 19
1 29 4
2 29 5
3 29 13
t 1056.0 50
m 1 19
1 29 5
2 29 6
3 29 12
t 1055.0 50
m 1 19
1 29 4
2 29 6
3 29 13
t 1054.0 50
m 2 19
1 29 4
2 29 6
3 29 13
t 1053.0 50
m 2 19
1 29 3
2 29 5
3 29 13
t 1052.0 50
m 2 19
1 29 4
2 29 4
3 29 13
t 1051.0 50
m 2 19
1 29 3
2 29 5
3 29 14
t 1050.0 50
m 2 19
1 29 2
2 29 6
3 29 14
t 1049.0 50
m 2 19
1 29 1
2 29 6
3 29 14
t 1048.0 50
m 2 19
1 29 2
2 29 6
3 29 13
t 1047.0 50
m 2 19
1 29 1
2 29 5
3 29 13
t 1046.0 50
m 1 19
1 29 1
2 29 5
3 29 12
t 1045.0 50
m 1 19
1 29 1
2 29 4
3 29 13
t 1044.0 50
m 2 19
1 29 2
2 29 3
3 29 12
t 1043.0 50
m 2 19
1 29 1
2 29 3
3 29 12
t 1042.0 50
m 1 19
1 29 2
2 29 2
3 29 12
t 1041.0 50
m 1 19
1 29 2
2 29 1
3 29 12
t 1040.0 50
m 2 19
1 29 2
2 29 0
3 29 13
t 1039.0 50
m 3 19
1 29 1
2 29 0
3 29 14
t 1038.0 50
m 3 19
1 29 2
2 29 0
3 29 14
t 1037.0 50
m 2 19
1 29 2
2 29 0
3 29 14
t 1036.0 50
m 2 19
1 29 2
2 29 0
3 29 14
t 1035.0 50
m 3 19
1 29 2
2 29 1
3 29 14
t 1034.0 50
m 3 19
1 29 3
2 29 2
3 29 14
t 1033.0 50
m 2 19
1 29 3
2 29 2
3 29 13
t 1032.0 50
m 1 19
1 29 4
2 29 2
3 29 13
t 1031.0 50
m 1 19
1 29 5
2 29 2
3 29 12
t 1030.0 50
m 1 19
1 29 6
2 29 2
3 29 12
t 1029.0 50
m 0 19
1 29 7
2 29 2
3 29 12
t 1028.0 50
m 0 19
1 29 6
2 29 2
3 29 12
t 1027.0 50
m 0 19
1 29 6
2 29 2
3 29 13
t 1026.0 50
m 0 19
1 29 5
2 29 2
3 29 13
t 1025.0 50
m 0 19
1 29 4
2 29 2
3 29 14
t 1024.0 50
m 0 19
1 29 3
2 29 1
3 29 14
t 1023.0 50
m 0 19
1 29 4
2 29 0
3 29 14
t 1022.0 50
m 0 19
1 29 5
2 29 0
3 29 14
t 1021.0 50
m 0 19
1 29 5
2 29 0
3 29 14
t 1020.0 50
m 0 19
1 29 4
2 29 0
3 29 13
t 1019.0 50
m 1 19
1 29 3
2 29 0
3 29 12
t 1018.0 50
m 1 19
1 29 2
2 29 0
3 29 13
t 1017.0 50
m 1 19
1 29 2
2 29 0
3 29 14
t 1016.0 50
m 1 19
1 29 1
2 29 0
3 29 13
t 1015.0 50
m 0 19
1 29 1
2 29 0
3 29 14
t 1014.0 50
m 1 19
1 29 2
2 29 1
3 29 14
t 1013.0 50
m 2 19
1 29 2
2 29 1
3 29 13
t 1012.0 50
m 2 19
1 29 2
2 29 1
3 29 13
t 1011.0 50
m 2 19
1 29 3
2 29 1
3 29 13
t 1010.0 50
m 2 19
1 29 2
2 29 1
3 29 13
t 1009.0 50
m 3 19
1 29 2
2 29 2
3 29 12
t 1008.0 50
m 4 19
1 29 2
2 29 1
3 29 12
t 1007.0 60
m 5 19
1 29 2
2 29 1
3 29 12
t 1006.0 60
m 5 19
1 29 2
2 29 2
3 29 12
t 1005.0 60
m 5 19
1 29 1
2 29 1
3 29 11
t 1004.0 60
m 5 19
1 29 0
2 29 1
3 29 11
t 1003.0 60
m 4 19
1 29 1
2 29 1
3 29 12
t 1002.0 60
m 4 19
1 29 1
2 29 1
3 29 13
t 1001.0 60
m 4 19
1 29 1
2 29 1
3 29 14
t 1000.0 60
m 5 19
1 29 1
2 29 1
3 29 13
t 999.0 60
m 4 19
1 29 1
2 29 1
3 29 13
t 998.0 60
m 5 19
1 29 1
2 29 0
3 29 12
t 997.0 60
m 5 19
1 29 1
2 29 0
3 29 11
t 996.0 60
m 6 19
1 29 0
2 29 0
3 29 11
t 995.0 62
m 6 19
1 29 0
2 29 0
3 29 11
t 994.0 62
m 6 19
1 29 0
2 29 1
3 29 12
t 993.0 62
m 5 19
1 29 0
2 29 1
3 29 11
t 992.0 62
m 4 19
1 29 0
2 29 2
3 29 12
t 991.0 62
m 3 19
1 29 0
2 29 2
3 29 11
t 990.0 62
m 4 19
1 29 0
2 29 2
3 29 12
t 989.0 62
m 4 19
1 29 0
2 29 1
3 29 12
t 988.0 62
m 4 19
1 29 0
2 29 1
3 29 12
t 987.0 62
m 3 19
1 29 0
2 29 1
3 29 12
t 986.0 62
m 3 19
1 29 0
2 29 1
3 29 12
t 985.0 62
m 3 19
1 29 0
2 29 1
3 29 12
t 984.0 62
m 2 19
1 29 0
2 29 2
3 29 11
t 983.0 62
m 2 19
1 29 0
2 29 2
3 29 11
t 982.0 62
m 3 19
1 29 1
2 29 3
3 29 11
t 981.0 62
m 3 19
1 29 2
2 29 3
3 29 12
t 980.0 62
m 3 19
1 29 2
2 29 4
3 29 12
t 979.0 62
m 3 19
1 29 3
2 29 3
3 29 12
t 978.0 62
m 3 19
1 29 3
2 29 2
3 29 12
t 977.0 62
m 3 19
1 29 3
2 29 2
3 29 12
t 976.0 62
m 3 19
1 29 3
2 29 1
3 29 13
t 975.0 62
m 2 19
1 29 3
2 29 1
3 29 13
t 974.0 62
m 1 19
1 29 3
2 29 1
3 29 14
t 973.0 62
m 0 19
1 29 3
2 29 0
3 29 15
t 972.0 62
m 0 19
1 29 2
2 29 1
3 29 15
t 971.0 62
m 0 19
1 29 1
2 29 1
3 29 16
t 970.0 62
m 1 19
1 29 0
2 29 1
3 29 16
t 969.0 62
m 1 19
1 29 0
2 29 1
3 29 16
t 968.0 62
m 1 19
1 29 0
2 29 0
3 29 17
t 967.0 62
m 0 19
1 29 0
2 29 0
3 29 17
t 966.0 62
m 0 19
1 29 0
2 29 0
3 29 17
f 2 19
t 965.0 62
m 1 19
1 29 0
2 29 0
3 29 17
t 964.0 62
m 1 19
1 29 0
2 29 0
3 29 18
t 963.0 62
m 1 19
1 29 0
2 29 0
3 29 19
t 962.0 62
m 2 19
1 29 0
2 29 1
3 29 19
t 961.0 72
m 1 19
1 29 1
2 29 0
3 28 19
t 960.0 72
m 1 19
1 29 1
2 29 0
3 28 19
t 959.0 72
m 1 19
1 29 0
2 29 0
3 29 19
t 958.0 72
m 1 19
1 29 0
2 29 1
3 29 19
t 957.0 72
m 1 19
1 29 0
2 29 2
3 29 19
t 956.0 72
m 2 19
1 29 0
2 29 2
3 29 19
t 955.0 72
m 2 19
1 29 0
2 29 2
3 29 18
t 954.0 72
m 2 19
1 29 1
2 29 3
3 29 18
t 953.0 72
m 1 19
1 29 0
2 29 2
3 29 19
t 952.0 72
m 0 19
1 29 0
2 29 1
3 29 19
t 951.0 72
m 0 19
1 29 0
2 29 1
3 28 19
f 3 19
t 950.0 72
m 1 19
1 29 0
2 29 2
3 29 19
t 949.0 72
m 0 19
1 29 0
2 29 2
3 29 18
t 948.0 72
m 1 19
1 29 0
2 29 3
3 29 17
t 947.0 72
m 1 19
1 29 1
2 29 4
3 29 17
t 946.0 72
m 1 19
1 29 1
2 29 4
3 29 16
t 945.0 72
m 1 19
1 29 1
2 29 4
3 29 16
t 944.0 72
m 2 19
1 29 1
2 29 5
3 29 17
t 943.0 72
m 2 19
1 29 1
2 29 5
3 29 17
t 942.0 72
m 2 19
1 29 1
2 29 6
3 29 18
t 941.0 72
m 2 19
1 29 1
2 29 6
3 29 18
t 940.0 72
m 2 19
1 29 0
2 29 7
3 29 18
t 939.0 72
m 3 19
1 29 1
2 29 7
3 29 19
t 938.0 82
m 2 19
1 29 1
2 29 8
3 28 19
t 937.0 82
m 1 19
1 29 1
2 29 8
3 29 19
t 936.0 82
m 1 19
1 29 2
2 29 7
3 29 19
t 935.0 82
m 2 19
1 29 3
2 29 7
3 29 19
t 934.0 82
m 2 19
1 29 2
2 29 6
3 29 19
t 933.0 82
m 2 19
1 29 2
2 29 6
3 29 18
t 932.0 82
m 2 19
1 29 2
2 29 6
3 29 17
t 931.0 82
m 2 19
1 29 3
2 29 6
3 29 17
t 930.0 82
m 2 19
1 29 4
2 29 6
3 29 17
t 929.0 82
m 2 19
1 29 5
2 29 6
3 29 18
t 928.0 82
m 2 19
1 29 4
2 29 6
3 29 19
t 927.0 82
m 2 19
1 29 4
2 29 6
3 29 19
t 926.0 82
m 2 19
1 29 4
2 29 6
3 29 19
t 925.0 82
m 2 19
1 29 4
2 29 6
3 29 19
t 924.0 82
m 2 19
1 29 3
2 29 5
3 28 19
t 923.0 82
m 2 19
1 29 3
2 29 5
3 29 19
t 922.0 82
m 1 19
1 29 4
2 29 6
3 28 19
t 921.0 82
m 1 19
1 29 3
2 29 5
3 28 19
t 920.0 82
m 1 19
1 29 3
2 29 4
3 28 19
t 919.0 82
m 1 19
1 29 2
2 29 5
3 27 19
t 918.0 82
m 1 19
1 29 3
2 29 4
3 28 19
t 917.0 82
m 1 19
1 29 3
2 29 3
3 28 19
t 916.0 82
m 1 19
1 29 3
2 29 4
3 28 19
t 915.0 82
m 1 19
1 29 2
2 29 4
3 28 19
t 914.0 82
m 1 19
1 29 2
2 29 5
3 28 19
t 913.0 82
m 0 19
1 29 3
2 29 6
3 27 19
t 912.0 82
m 1 19
1 29 3
2 29 6
3 26 19
t 911.0 82
m 1 19
1 29 2
2 29 5
3 25 19
t 910.0 82
m 2 19
1 29 3
2 29 5
3 26 19
t 909.0 82
m 2 19
1 29 3
2 29 6
3 25 19
t 908.0 82
m 2 19
1 29 3
2 29 5
3 25 19
t 907.0 82
m 3 19
1 29 3
2 29 5
3 25 19
t 906.0 92
m 2 19
1 29 2
2 29 4
3 25 19
t 905.0 92
m 3 19
1 29 2
2 29 4
3 24 19
t 904.0 92
m 2 19
1 29 2
2 29 3
3 24 19
t 903.0 92
m 3 19
1 29 2
2 29 3
3 25 19
t 902.0 92
m 3 19
1 29 3
2 29 3
3 25 19
t 901.0 92
m 3 19
1 29 2
2 29 4
3 24 19
t 900.0 92
m 4 19
1 29 3
2 29 3
3 24 19
t 899.0 92
m 4 19
1 29 3
2 29 3
3 24 19
t 898.0 92
m 3 19
1 29 4
2 29 3
3 23 19
t 897.0 92
m 4 19
1 29 3
2 29 3
3 22 19
t 896.0 92
m 4 19
1 29 3
2 29 4
3 23 19
t 895.0 92
m 3 19
1 29 2
2 29 3
3 24 19
t 894.0 92
m 3 19
1 29 2
2 29 3
3 24 19
t 893.0 92
m 4 19
1 29 2
2 29 2
3 24 19
t 892.0 92
m 5 19
1 29 1
2 29 3
3 25 19
t 891.0 92
m 5 19
1 29 0
2 29 3
3 26 19
t 890.0 92
m 5 19
1 29 1
2 29 2
3 26 19
t 889.0 92
m 4 19
1 29 2
2 29 3
3 26 19
t 888.0 92
m 4 19
1 29 2
2 29 2
3 26 19
f 5 19
t 887.0 92
m 4 19
1 29 2
2 29 3
3 26 19
t 886.0 92
m 4 19
1 29 1
2 29 3
3 25 19
t 885.0 92
m 4 19
1 29 1
2 29 3
3 25 19
t 884.0 92
m 5 19
1 29 2
2 29 3
3 25 19
t 883.0 102
m 5 19
1 29 2
2 29 3
3 25 19
t 882.0 102
m 5 19
1 29 2
2 29 2
3 25 19
f 2 19
t 881.0 102
m 4 19
1 29 1
2 29 3
3 25 19
t 880.0 102
m 5 19
1 29 0
2 29 3
3 25 19
t 879.0 102
m 5 19
1 29 0
2 29 3
3 25 19
t 878.0 102
m 6 19
1 29 0
2 29 3
3 24 19
t 877.0 102
m 7 19
1 29 0
2 29 2
3 25 19
t 876.0 104
m 8 19
1 29 0
2 29 1
3 25 19
t 875.0 106
m 7 19
1 29 1
2 29 1
3 25 19
t 874.0 106
m 7 19
1 29 0
2 29 0
3 25 19
t 873.0 106
m 7 19
1 29 0
2 29 0
3 25 19
t 872.0 106
m 7 19
1 29 0
2 29 0
3 26 19
t 871.0 106
m 7 19
1 29 0
2 29 0
3 25 19
t 870.0 106
m 7 19
1 29 1
2 29 1
3 25 19
t 869.0 106
m 6 19
1 29 1
2 29 1
3 26 19
t 868.0 106
m 6 19
1 29 1
2 29 2
3 26 19
t 867.0 106
m 6 19
1 29 1
2 29 3
3 25 19
t 866.0 106
m 6 19
1 29 1
2 29 3
3 25 19
t 865.0 106
m 6 19
1 29 0
2 29 4
3 26 19
t 864.0 106
m 5 19
1 29 1
2 29 5
3 26 19
t 863.0 106
m 5 19
1 29 1
2 29 5
3 25 19
t 862.0 106
m 5 19
1 29 1
2 29 5
3 24 19
t 861.0 106
m 4 19
1 29 0
2 29 5
3 25 19
t 860.0 106
m 3 19
1 29 0
2 29 5
3 24 19
t 859.0 106
m 3 19
1 29 1
2 29 5
3 25 19
t 858.0 106
m 3 19
1 29 1
2 29 4
3 24 19
t 857.0 106
m 3 19
1 29 0
2 29 5
3 25 19
t 856.0 106
m 4 19
1 29 0
2 29 5
3 26 19
t 855.0 106
m 3 19
1 29 0
2 29 5
3 25 19
t 854.0 106
m 3 19
1 29 0
2 29 5
3 24 19
t 853.0 106
m 3 19
1 29 1
2 29 5
3 24 19
t 852.0 106
m 3 19
1 29 1
2 29 5
3 24 19
t 851.0 106
m 3 19
1 29 0
2 29 4
3 24 19
t 850.0 106
m 3 19
1 29 0
2 29 5
3 24 19
t 849.0 106
m 3 19
1 29 0
2 29 4
3 24 19
t 848.0 106
m 3 19
1 29 1
2 29 5
3 25 19
t 847.0 106
m 3 19
1 29 1
2 29 6
3 26 19
t 846.0 106
m 4 19
1 29 2
2 29 6
3 25 19
t 845.0 106
m 4 19
1 29 3
2 29 6
3 26 19
t 844.0 106
m 4 19
1 29 3
2 29 7
3 26 19
t 843.0 106
m 4 19
1 29 3
2 29 7
3 26 19
t 842.0 106
m 4 19
1 29 3
2 29 7
3 26 19
t 841.0 106
m 4 19
1 29 2
2 29 7
3 27 19
t 840.0 106
m 3 19
1 29 1
2 29 8
3 28 19
t 839.0 106
m 4 19
1 29 1
2 29 9
3 28 19
t 838.0 106
m 4 19
1 29 2
2 29 10
3 27 19
t 837.0 106
m 3 19
1 29 2
2 29 9
3 27 19
t 836.0 106
m 2 19
1 29 2
2 29 9
3 26 19
t 835.0 116
m 2 19
1 29 1
2 29 9
3 26 19
t 834.0 116
m 1 19
1 29 1
2 29 8
3 27 19
t 833.0 116
m 0 19
1 29 1
2 29 7
3 28 19
t 832.0 116
m 0 19
1 29 1
2 29 7
3 29 19
t 831.0 116
m 0 19
1 29 1
2 29 7
3 29 19
t 830.0 116
m 0 19
1 29 2
2 29 8
3 29 18
t 829.0 116
m 0 19
1 29 3
2 29 9
3 29 19
t 828.0 116
m 0 19
1 29 2
2 29 9
3 28 19
t 827.0 116
m 1 19
1 29 2
2 29 8
3 28 19
t 826.0 116
m 1 19
1 29 2
2 29 8
3 29 19
t 825.0 116
m 1 19
1 29 2
2 29 8
3 29 18
t 824.0 116
m 1 19
1 29 1
2 29 9
3 29 17
t 823.0 116
m 2 19
1 29 1
2 29 9
3 29 18
t 822.0 116
m 2 19
1 29 1
2 29 9
3 29 18
t 821.0 116
m 3 19
1 29 2
2 29 10
3 29 18
t 820.0 116
m 3 19
1 29 2
2 29 10
3 29 18
t 819.0 116
m 3 19
1 29 2
2 29 11
3 29 17
t 818.0 116
m 3 19
1 29 1
2 29 11
3 29 18
t 817.0 116
m 3 19
1 29 0
2 29 11
3 29 19
t 816.0 116
m 3 19
1 29 0
2 29 10
3 29 19
t 815.0 116
m 3 19
1 29 0
2 29 9
3 29 18
t 814.0 116
m 3 19
1 29 0
2 29 10
3 29 18
t 813.0 116
m 3 19
1 29 0
2 29 9
3 29 19
t 812.0 116
m 4 19
1 29 0
2 29 9
3 29 18
t 811.0 116
m 5 19
1 29 1
2 29 9
3 29 17
t 810.0 116
m 4 19
1 29 0
2 29 10
3 29 18
t 809.0 116
m 4 19
1 29 0
2 29 11
3 29 18
t 808.0 116
m 4 19
1 29 0
2 29 11
3 29 18
t 807.0 116
m 5 19
1 29 0
2 29 11
3 29 18
t 806.0 116
m 5 19
1 29 0
2 29 11
3 29 18
t 805.0 116
m 4 19
1 29 0
2 29 11
3 29 18
t 804.0 116
m 4 19
1 29 0
2 29 12
3 29 19
t 803.0 116
m 4 19
1 29 0
2 29 12
3 29 18
t 802.0 116
m 4 19
1 29 1
2 29 12
3 29 18
t 801.0 116
m 3 19
1 29 1
2 29 13
3 29 17
t 800.0 116
m 3 19
1 29 2
2 29 13
3 29 17
t 799.0 116
m 2 19
1 29 1
2 29 14
3 29 18
t 798.0 116
m 2 19
1 29 1
2 29 15
3 29 18
t 797.0 116
m 2 19
1 29 1
2 29 14
3 29 18
t 796.0 116
m 3 19
1 29 1
2 29 15
3 29 19
t 795.0 116
m 3 19
1 29 1
2 29 15
3 29 18
t 794.0 116
m 3 19
1 29 0
2 29 14
3 29 18
t 793.0 116
m 4 19
1 29 1
2 29 13
3 29 19
f 0 19
t 792.0 116
m 3 19
1 29 1
2 29 13
3 29 19
t 791.0 116
m 2 19
1 29 1
2 29 13
3 29 19
t 790.0 116
m 2 19
1 29 1
2 29 14
3 29 18
t 789.0 116
m 1 19
1 29 2
2 29 14
3 29 18
t 788.0 116
m 0 19
1 29 2
2 29 14
3 29 17
t 787.0 126
m 0 19
1 29 2
2 29 15
3 29 18
t 786.0 126
m 1 19
1 29 2
2 29 14
3 29 17
t 785.0 126
m 2 19
1 29 1
2 29 14
3 29 17
t 784.0 126
m 2 19
1 29 1
2 29 14
3 29 18
t 783.0 126
m 3 19
1 29 1
2 29 13
3 29 19
t 782.0 126
m 3 19
1 29 1
2 29 12
3 29 19
t 781.0 126
m 3 19
1 29 2
2 29 12
3 29 18
t 780.0 126
m 2 19
1 29 2
2 29 11
3 29 17
t 779.0 126
m 2 19
1 29 3
2 29 11
3 29 17
t 778.0 126
m 2 19
1 29 3
2 29 10
3 29 17
t 777.0 126
m 2 19
1 29 3
2 29 10
3 29 16
t 776.0 126
m 3 19
1 29 3
2 29 10
3 29 15
t 775.0 126
m 3 19
1 29 2
2 29 9
3 29 14
t 774.0 126
m 3 19
1 29 2
2 29 9
3 29 15
t 773.0 126
m 3 19
1 29 2
2 29 8
3 29 15
t 772.0 126
m 3 19
1 29 2
2 29 9
3 29 16
t 771.0 126
m 4 19
1 29 2
2 29 9
3 29 15
t 770.0 126
m 4 19
1 29 2
2 29 9
3 29 16
t 769.0 126
m 4 19
1 29 2
2 29 8
3 29 16
t 768.0 126
m 3 19
1 29 2
2 29 8
3 29 16
t 767.0 126
m 3 19
1 29 2
2 29 8
3 29 17
t 766.0 126
m 3 19
1 29 1
2 29 9
3 29 16
t 765.0 126
m 3 19
1 29 1
2 29 9
3 29 17
t 764.0 126
m 4 19
1 29 2
2 29 8
3 29 18
t 763.0 126
m 5 19
1 29 2
2 29 7
3 29 17
t 762.0 126
m 4 19
1 29 2
2 29 7
3 29 16
t 761.0 126
m 5 19
1 29 1
2 29 6
3 29 15
t 760.0 126
m 5 19
1 29 1
2 29 6
3 29 16
t 759.0 126
m 6 19
1 29 1
2 29 7
3 29 16
t 758.0 126
m 5 19
1 29 0
2 29 6
3 29 16
t 757.0 126
m 4 19
1 29 0
2 29 6
3 29 16
t 756.0 126
m 4 19
1 29 0
2 29 7
3 29 15
t 755.0 126
m 4 19
1 29 0
2 29 6
3 29 15
t 754.0 126
m 4 19
1 29 0
2 29 6
3 29 15
t 753.0 126
m 4 19
1 29 0
2 29 6
3 29 15
t 752.0 126
m 3 19
1 29 1
2 29 6
3 29 16
t 751.0 126
m 4 19
1 29 0
2 29 7
3 29 17
t 750.0 126
m 5 19
1 29 0
2 29 8
3 29 17
t 749.0 126
m 4 19
1 29 0
2 29 9
3 29 16
t 748.0 126
m 4 19
1 29 0
2 29 10
3 29 16
t 747.0 126
m 3 19
1 29 0
2 29 10
3 29 15
t 746.0 126
m 3 19
1 29 0
2 29 10
3 29 16
t 745.0 126
m 3 19
1 29 0
2 29 10
3 29 17
t 744.0 126
m 3 19
1 29 0
2 29 10
3 29 17
t 743.0 126
m 2 19
1 29 0
2 29 11
3 29 17
t 742.0 126
m 2 19
1 29 0
2 29 12
3 29 17
t 741.0 126
m 2 19
1 29 0
2 29 13
3 29 17
t 740.0 126
m 1 19
1 29 0
2 29 14
3 29 16
t 739.0 126
m 1 19
1 29 0
2 29 15
3 29 16
t 738.0 126
m 1 19
1 29 1
2 29 15
3 29 17
t 737.0 126
m 2 19
1 29 2
2 29 14
3 29 17
t 736.0 126
m 3 19
1 29 2
2 29 14
3 29 16
t 735.0 126
m 2 19
1 29 3
2 29 13
3 29 16
t 734.0 126
m 2 19
1 29 4
2 29 14
3 29 17
t 733.0 126
m 3 19
1 29 4
2 29 13
3 29 18
t 732.0 126
m 2 19
1 29 5
2 29 14
3 29 18
t 731.0 126
m 2 19
1 29 5
2 29 14
3 29 17
t 730.0 126
m 1 19
1 29 4
2 29 13
3 29 17
t 729.0 126
m 0 19
1 29 4
2 29 14
3 29 17
t 728.0 136
m 0 19
1 29 4
2 29 15
3 29 16
t 727.0 136
m 0 19
1 29 3
2 29 15
3 29 16
t 726.0 136
m 1 19
1 29 2
2 29 16
3 29 16
t 725.0 136
m 1 19
1 29 2
2 29 15
3 29 16
t 724.0 136
m 1 19
1 29 2
2 29 15
3 29 16
t 723.0 136
m 1 19
1 29 3
2 29 16
3 29 17
t 722.0 136
m 1 19
1 29 2
2 29 16
3 29 18
t 721.0 136
m 1 19
1 29 2
2 29 16
3 29 19
t 720.0 136
m 2 19
1 29 1
2 29 17
3 29 19
t 719.0 136
m 2 19
1 29 2
2 29 17
3 29 19
t 718.0 136
m 2 19
1 29 2
2 29 16
3 28 19
t 717.0 136
m 3 19
1 29 1
2 29 17
3 28 19
t 716.0 136
m 4 19
1 29 1
2 29 17
3 29 19
t 715.0 136
m 3 19
1 29 2
2 29 16
3 28 19
t 714.0 146
m 3 19
1 29 1
2 29 15
3 29 19
t 713.0 146
m 3 19
1 29 1
2 29 16
3 29 19
t 712.0 146
m 2 19
1 29 2
2 29 17
3 29 18
t 711.0 146
m 2 19
1 29 2
2 29 18
3 29 17
t 710.0 146
m 1 19
1 29 1
2 29 17
3 29 17
t 709.0 146
m 0 19
1 29 2
2 29 17
3 29 17
t 708.0 146
m 0 19
1 29 2
2 29 17
3 29 16
t 707.0 146
m 0 19
1 29 3
2 29 16
3 29 16
t 706.0 146
m 1 19
1 29 3
2 29 15
3 29 17
t 705.0 146
m 1 19
1 29 3
2 29 15
3 29 16
t 704.0 146
m 0 19
1 29 4
2 29 15
3 29 16
t 703.0 146
m 0 19
1 29 5
2 29 15
3 29 15
t 702.0 146
m 0 19
1 29 6
2 29 15
3 29 16
t 701.0 146
m 0 19
1 29 5
2 29 14
3 29 15
f 1 19
t 700.0 146
m 0 19
1 29 5
2 29 13
3 29 16
t 699.0 146
m 1 19
1 29 5
2 29 13
3 29 16
t 698.0 156
m 2 19
1 29 5
2 29 12
3 29 16
t 697.0 156
m 3 19
1 29 6
2 29 12
3 29 17
t 696.0 156
m 3 19
1 29 6
2 29 12
3 29 18
t 695.0 156
m 3 19
1 29 6
2 29 11
3 29 18
t 694.0 156
m 4 19
1 29 7
2 29 10
3 29 19
t 693.0 156
m 4 19
1 29 6
2 29 9
3 29 18
t 692.0 156
m 5 19
1 29 5
2 29 10
3 29 18
t 691.0 156
m 5 19
1 29 4
2 29 10
3 29 18
f 4 19
t 690.0 156
m 4 19
1 29 4
2 29 10
3 29 19
t 689.0 166
m 4 19
1 29 5
2 29 10
3 29 19
t 688.0 166
m 4 19
1 29 4
2 29 10
3 29 19
t 687.0 166
m 3 19
1 29 5
2 29 11
3 29 19
t 686.0 166
m 3 19
1 29 5
2 29 11
3 28 19
t 685.0 166
m 3 19
1 29 5
2 29 11
3 29 19
t 684.0 166
m 3 19
1 29 5
2 29 11
3 29 19
t 683.0 166
m 3 19
1 29 5
2 29 12
3 29 18
t 682.0 166
m 3 19
1 29 5
2 29 11
3 29 18
t 681.0 166
m 3 19
1 29 5
2 29 11
3 29 18
t 680.0 166
m 4 19
1 29 6
2 29 11
3 29 18
t 679.0 166
m 4 19
1 29 6
2 29 12
3 29 19
t 678.0 166
m 5 19
1 29 6
2 29 13
3 29 19
t 677.0 166
m 5 19
1 29 7
2 29 12
3 29 19
t 676.0 166
m 5 19
1 29 6
2 29 11
3 29 19
t 675.0 166
m 5 19
1 29 6
2 29 12
3 29 19
t 674.0 166
m 4 19
1 29 6
2 29 12
3 29 19
t 673.0 166
m 5 19
1 29 7
2 29 12
3 29 19
t 672.0 166
m 5 19
1 29 7
2 29 11
3 29 19
t 671.0 166
m 5 19
1 29 8
2 29 11
3 29 19
t 670.0 166
m 4 19
1 29 7
2 29 11
3 29 19
t 669.0 166
m 5 19
1 29 7
2 29 10
3 29 19
t 668.0 166
m 5 19
1 29 7
2 29 9
3 28 19
t 667.0 166
m 6 19
1 29 8
2 29 9
3 28 19
t 666.0 166
m 6 19
1 29 7
2 29 9
3 27 19
t 665.0 166
m 7 19
1 29 6
2 29 9
3 28 19
t 664.0 166
m 8 19
1 29 6
2 29 9
3 27 19
t 663.0 166
m 7 19
1 29 7
2 29 9
3 27 19
t 662.0 166
m 7 19
1 29 8
2 29 8
3 26 19
f 8 19
t 661.0 166
m 7 19
1 29 8
2 29 8
3 26 19
t 660.0 166
m 7 19
1 29 8
2 29 7
3 26 19
t 659.0 166
m 7 19
1 29 8
2 29 7
3 26 19
t 658.0 166
m 8 19
1 29 7
2 29 7
3 25 19
t 657.0 176
m 8 19
1 29 7
2 29 6
3 26 19
t 656.0 176
m 8 19
1 29 7
2 29 6
3 27 19
t 655.0 176
m 8 19
1 29 6
2 29 6
3 26 19
t 654.0 176
m 7 19
1 29 7
2 29 6
3 27 19
t 653.0 176
m 7 19
1 29 8
2 29 5
3 28 19
t 652.0 176
m 6 19
1 29 9
2 29 6
3 28 19
t 651.0 176
m 7 19
1 29 9
2 29 7
3 28 19
t 650.0 176
m 7 19
1 29 9
2 29 8
3 28 19
t 649.0 176
m 7 19
1 29 9
2 29 8
3 28 19
t 648.0 176
m 8 19
1 29 8
2 29 8
3 27 19
t 647.0 176
m 8 19
1 29 9
2 29 8
3 28 19
t 646.0 176
m 8 19
1 29 9
2 29 8
3 29 19
t 645.0 176
m 8 19
1 29 9
2 29 7
3 29 19
t 644.0 176
m 8 19
1 29 9
2 29 7
3 29 19
t 643.0 176
m 8 19
1 29 9
2 29 6
3 29 19
t 642.0 176
m 8 19
1 29 9
2 29 7
3 29 19
t 641.0 176
m 7 19
1 29 8
2 29 7
3 29 19
t 640.0 176
m 6 19
1 29 9
2 29 8
3 29 19
t 639.0 176
m 5 19
1 29 9
2 29 9
3 28 19
t 638.0 176
m 5 19
1 29 10
2 29 9
3 27 19
t 637.0 176
m 5 19
1 29 11
2 29 9
3 26 19
t 636.0 176
m 5 19
1 29 11
2 29 9
3 27 19
t 635.0 176
m 5 19
1 29 10
2 29 9
3 28 19
t 634.0 176
m 5 19
1 29 10
2 29 9
3 29 19
t 633.0 176
m 5 19
1 29 10
2 29 8
3 28 19
t 632.0 176
m 4 19
1 29 11
2 29 7
3 28 19
t 631.0 176
m 4 19
1 29 10
2 29 8
3 28 19
t 630.0 176
m 4 19
1 29 10
2 29 9
3 27 19
t 629.0 176
m 4 19
1 29 10
2 29 9
3 27 19
t 628.0 176
m 3 19
1 29 10
2 29 9
3 27 19
t 627.0 176
m 3 19
1 29 10
2 29 9
3 28 19
t 626.0 176
m 2 19
1 29 9
2 29 10
3 28 19
f 4 19
t 625.0 176
m 2 19
1 29 9
2 29 10
3 28 19
t 624.0 176
m 2 19
1 29 8
2 29 9
3 28 19
t 623.0 176
m 2 19
1 29 7
2 29 9
3 29 19
t 622.0 176
m 2 19
1 29 6
2 29 9
3 29 19
t 621.0 176
m 2 19
1 29 7
2 29 9
3 29 19
t 620.0 176
m 2 19
1 29 7
2 29 10
3 29 19
t 619.0 176
m 1 19
1 29 6
2 29 10
3 29 19
t 618.0 176
m 1 19
1 29 7
2 29 10
3 29 19
t 617.0 176
m 1 19
1 29 7
2 29 9
3 29 18
t 616.0 176
m 2 19
1 29 8
2 29 8
3 29 19
t 615.0 176
m 2 19
1 29 9
2 29 7
3 28 19
t 614.0 176
m 3 19
1 29 9
2 29 7
3 29 19
t 613.0 176
m 3 19
1 29 9
2 29 8
3 29 18
t 612.0 176
m 2 19
1 29 9
2 29 9
3 29 19
t 611.0 176
m 2 19
1 29 8
2 29 9
3 29 19
t 610.0 176
m 2 19
1 29 8
2 29 10
3 29 19
t 609.0 176
m 2 19
1 29 9
2 29 9
3 29 18
t 608.0 176
m 3 19
1 29 9
2 29 8
3 29 18
t 607.0 176
m 3 19
1 29 10
2 29 8
3 29 18
t 606.0 176
m 3 19
1 29 10
2 29 8
3 29 17
t 605.0 176
m 4 19
1 29 10
2 29 8
3 29 16
t 604.0 186
m 4 19
1 29 11
2 29 8
3 29 16
t 603.0 186
m 4 19
1 29 11
2 29 8
3 29 15
t 602.0 186
m 5 19
1 29 12
2 29 9
3 29 14
t 601.0 186
m 6 19
1 29 11
2 29 9
3 29 15
t 600.0 186
m 5 19
1 29 10
2 29 8
3 29 15
t 599.0 186
m 5 19
1 29 10
2 29 7
3 29 16
t 598.0 186
m 5 19
1 29 10
2 29 6
3 29 16
t 597.0 186
m 5 19
1 29 9
2 29 5
3 29 16
t 596.0 186
m 5 19
1 29 8
2 29 5
3 29 17
t 595.0 186
m 5 19
1 29 7
2 29 4
3 29 16
t 594.0 186
m 5 19
1 29 8
2 29 4
3 29 16
t 593.0 186
m 5 19
1 29 9
2 29 4
3 29 16
t 592.0 186
m 6 19
1 29 10
2 29 5
3 29 17
t 591.0 186
m 6 19
1 29 10
2 29 6
3 29 18
t 590.0 186
m 7 19
1 29 11
2 29 6
3 29 19
t 589.0 186
m 8 19
1 29 10
2 29 6
3 29 19
t 588.0 186
m 8 19
1 29 11
2 29 6
3 29 19
t 587.0 186
m 8 19
1 29 11
2 29 6
3 29 19
t 586.0 186
m 8 19
1 29 11
2 29 6
3 28 19
t 585.0 186
m 8 19
1 29 11
2 29 6
3 28 19
t 584.0 186
m 9 19
1 29 10
2 29 6
3 28 19
t 583.0 188
m 10 19
1 29 10
2 29 6
3 28 19
t 582.0 190
m 10 19
1 29 9
2 29 7
3 28 19
t 581.0 190
m 9 19
1 29 9
2 29 7
3 27 19
t 580.0 190
m 9 19
1 29 9
2 29 8
3 27 19
t 579.0 190
m 9 19
1 29 9
2 29 8
3 26 19
t 578.0 190
m 8 19
1 29 9
2 29 8
3 26 19
t 577.0 190
m 9 19
1 29 8
2 29 9
3 27 19
t 576.0 190
m 8 19
1 29 8
2 29 8
3 26 19
t 575.0 190
m 8 19
1 29 8
2 29 8
3 26 19
t 574.0 190
m 8 19
1 29 8
2 29 8
3 26 19
t 573.0 190
m 8 19
1 29 7
2 29 8
3 27 19
t 572.0 190
m 9 19
1 29 7
2 29 8
3 28 19
t 571.0 190
m 10 19
1 29 8
2 29 8
3 28 19
t 570.0 190
m 10 19
1 29 9
2 29 9
3 28 19
t 569.0 190
m 9 19
1 29 9
2 29 8
3 28 19
t 568.0 190
m 10 19
1 29 9
2 29 8
3 28 19
t 567.0 190
m 11 19
1 29 8
2 29 9
3 28 19
t 566.0 192
m 12 19
1 29 8
2 29 8
3 29 19
t 565.0 195
m 13 19
1 29 9
2 29 8
3 29 19
t 564.0 197
m 13 19
1 29 8
2 29 9
3 29 19
t 563.0 197
m 14 19
1 29 7
2 29 10
3 29 18
t 562.0 199
m 14 19
1 29 7
2 29 9
3 29 18
t 561.0 199
m 14 19
1 29 7
2 29 9
3 29 18
t 560.0 199
m 13 19
1 29 8
2 29 9
3 29 18
t 559.0 199
m 12 19
1 29 8
2 29 10
3 29 18
t 558.0 199
m 13 19
1 29 9
2 29 9
3 29 18
t 557.0 199
m 12 19
1 29 8
2 29 9
3 29 18
t 556.0 199
m 13 19
1 29 7
2 29 9
3 29 18
t 555.0 199
m 13 19
1 29 6
2 29 8
3 29 18
t 554.0 199
m 13 19
1 29 6
2 29 8
3 29 17
t 553.0 199
m 13 19
1 29 6
2 29 8
3 29 17
t 552.0 199
m 12 19
1 29 6
2 29 8
3 29 17
t 551.0 199
m 11 19
1 29 7
2 29 7
3 29 18
t 550.0 199
m 11 19
1 29 7
2 29 7
3 29 18
t 549.0 199
m 10 19
1 29 7
2 29 6
3 29 17
t 548.0 199
m 10 19
1 29 8
2 29 5
3 29 17
t 547.0 199
m 9 19
1 29 8
2 29 6
3 29 17
t 546.0 199
m 8 19
1 29 9
2 29 6
3 29 18
t 545.0 199
m 8 19
1 29 8
2 29 5
3 29 18
t 544.0 199
m 7 19
1 29 8
2 29 6
3 29 18
t 543.0 199
m 8 19
1 29 9
2 29 5
3 29 19
t 542.0 199
m 8 19
1 29 9
2 29 6
3 28 19
t 541.0 199
m 8 19
1 29 9
2 29 6
3 28 19
t 540.0 199
m 8 19
1 29 9
2 29 7
3 28 19
t 539.0 199
m 8 19
1 29 9
2 29 7
3 29 19
t 538.0 199
m 8 19
1 29 8
2 29 7
3 29 19
t 537.0 199
m 7 19
1 29 7
2 29 8
3 29 18
t 536.0 199
m 7 19
1 29 6
2 29 8
3 29 18
t 535.0 199
m 8 19
1 29 6
2 29 8
3 29 19
t 534.0 199
m 7 19
1 29 6
2 29 8
3 29 18
t 533.0 199
m 7 19
1 29 6
2 29 8
3 29 17
t 532.0 199
m 7 19
1 29 6
2 29 7
3 29 16
t 531.0 199
m 6 19
1 29 5
2 29 7
3 29 16
t 530.0 199
m 5 19
1 29 5
2 29 7
3 29 16
t 529.0 199
m 4 19
1 29 4
2 29 8
3 29 16
t 528.0 209
m 4 19
1 29 3
2 29 7
3 29 16
t 527.0 209
m 5 19
1 29 4
2 29 6
3 29 16
t 526.0 209
m 4 19
1 29 4
2 29 6
3 29 16
t 525.0 209
m 4 19
1 29 4
2 29 5
3 29 16
t 524.0 209
m 3 19
1 29 4
2 29 5
3 29 16
t 523.0 209
m 3 19
1 29 3
2 29 5
3 29 16
t 522.0 209
m 4 19
1 29 3
2 29 5
3 29 16
t 521.0 209
m 5 19
1 29 2
2 29 4
3 29 16
t 520.0 209
m 5 19
1 29 3
2 29 3
3 29 17
t 519.0 209
m 5 19
1 29 2
2 29 3
3 29 17
t 518.0 209
m 5 19
1 29 2
2 29 3
3 29 17
t 517.0 209
m 4 19
1 29 2
2 29 2
3 29 18
t 516.0 209
m 4 19
1 29 1
2 29 2
3 29 19
t 515.0 209
m 4 19
1 29 1
2 29 1
3 29 18
t 514.0 209
m 4 19
1 29 1
2 29 0
3 29 19
t 513.0 209
m 4 19
1 29 1
2 29 1
3 29 19
t 512.0 209
m 4 19
1 29 0
2 29 2
3 29 18
t 511.0 209
m 4 19
1 29 1
2 29 1
3 29 17
t 510.0 209
m 4 19
1 29 0
2 29 2
3 29 18
t 509.0 209
m 5 19
1 29 0
2 29 2
3 29 17
f 2 19
t 508.0 209
m 5 19
1 29 1
2 29 1
3 29 18
t 507.0 209
m 5 19
1 29 0
2 29 0
3 29 18
t 506.0 209
m 5 19
1 29 0
2 29 0
3 29 19
t 505.0 209
m 5 19
1 29 1
2 29 1
3 28 19
t 504.0 209
m 5 19
1 29 0
2 29 0
3 27 19
t 503.0 209
m 5 19
1 29 0
2 29 0
3 27 19
t 502.0 209
m 5 19
1 29 0
2 29 0
3 26 19
t 501.0 209
m 4 19
1 29 1
2 29 0
3 27 19
t 500.0 209
m 4 19
1 29 2
2 29 1
3 27 19
t 499.0 209
m 3 19
1 29 1
2 29 1
3 27 19
t 498.0 209
m 4 19
1 29 2
2 29 0
3 26 19
t 497.0 209
m 4 19
1 29 3
2 29 0
3 27 19
t 496.0 209
m 4 19
1 29 4
2 29 0
3 27 19
t 495.0 209
m 4 19
1 29 5
2 29 0
3 26 19
t 494.0 209
m 4 19
1 29 5
2 29 0
3 25 19
t 493.0 209
m 4 19
1 29 5
2 29 0
3 24 19
t 492.0 209
m 5 19
1 29 4
2 29 0
3 24 19
t 491.0 209
m 6 19
1 29 5
2 29 1
3 23 19
t 490.0 209
m 6 19
1 29 4
2 29 2
3 24 19
t 489.0 209
m 7 19
1 29 5
2 29 1
3 24 19
t 488.0 209
m 7 19
1 29 5
2 29 0
3 25 19
t 487.0 209
m 7 19
1 29 5
2 29 1
3 25 19
t 486.0 209
m 7 19
1 29 5
2 29 0
3 25 19
t 485.0 209
m 8 19
1 29 6
2 29 0
3 25 19
t 484.0 209
m 9 19
1 29 6
2 29 0
3 25 19
t 483.0 209
m 9 19
1 29 6
2 29 0
3 24 19
t 482.0 209
m 9 19
1 29 5
2 29 0
3 24 19
t 481.0 209
m 9 19
1 29 4
2 29 0
3 25 19
t 480.0 209
m 8 19
1 29 5
2 29 1
3 25 19
t 479.0 209
m 8 19
1 29 6
2 29 0
3 26 19
t 478.0 209
m 7 19
1 29 6
2 29 1
3 26 19
t 477.0 209
m 7 19
1 29 7
2 29 1
3 26 19
t 476.0 209
m 7 19
1 29 7
2 29 1
3 26 19
t 475.0 209
m 7 19
1 29 6
2 29 0
3 26 19
t 474.0 209
m 7 19
1 29 7
2 29 0
3 26 19
t 473.0 209
m 7 19
1 29 6
2 29 0
3 26 19
t 472.0 209
m 7 19
1 29 7
2 29 0
3 27 19
t 471.0 209
m 6 19
1 29 7
2 29 1
3 28 19
t 470.0 209
m 6 19
1 29 8
2 29 1
3 27 19
t 469.0 209
m 5 19
1 29 7
2 29 0
3 27 19
t 468.0 209
m 6 19
1 29 8
2 29 1
3 26 19
t 467.0 209
m 5 19
1 29 8
2 29 2
3 26 19
t 466.0 209
m 4 19
1 29 8
2 29 1
3 26 19
t 465.0 209
m 4 19
1 29 8
2 29 1
3 26 19
t 464.0 209
m 4 19
1 29 9
2 29 1
3 25 19
t 463.0 209
m 4 19
1 29 10
2 29 0
3 25 19
t 462.0 209
m 4 19
1 29 10
2 29 0
3 24 19
t 461.0 209
m 5 19
1 29 9
2 29 1
3 24 19
t 460.0 209
m 5 19
1 29 10
2 29 0
3 23 19
t 459.0 209
m 5 19
1 29 9
2 29 0
3 23 19
t 458.0 209
m 5 19
1 29 9
2 29 0
3 24 19
t 457.0 209
m 4 19
1 29 9
2 29 0
3 23 19
t 456.0 209
m 4 19
1 29 9
2 29 1
3 23 19
t 455.0 209
m 4 19
1 29 10
2 29 0
3 23 19
t 454.0 209
m 4 19
1 29 10
2 29 0
3 24 19
t 453.0 209
m 4 19
1 29 10
2 29 0
3 24 19
t 452.0 209
m 4 19
1 29 10
2 29 0
3 25 19
t 451.0 209
m 4 19
1 29 10
2 29 0
3 25 19
t 450.0 209
m 3 19
1 29 10
2 29 1
3 25 19
t 449.0 209
m 4 19
1 29 10
2 29 1
3 26 19
t 448.0 209
m 5 19
1 29 11
2 29 1
3 26 19
t 447.0 209
m 5 19
1 29 10
2 29 1
3 25 19
t 446.0 209
m 5 19
1 29 9
2 29 1
3 24 19
t 445.0 209
m 6 19
1 29 10
2 29 2
3 23 19
t 444.0 209
m 6 19
1 29 10
2 29 1
3 23 19
t 443.0 209
m 5 19
1 29 11
2 29 1
3 23 19
t 442.0 209
m 5 19
1 29 11
2 29 1
3 24 19
t 441.0 209
m 5 19
1 29 11
2 29 2
3 24 19
t 440.0 209
m 4 19
1 29 12
2 29 2
3 25 19
t 439.0 209
m 4 19
1 29 13
2 29 2
3 25 19
t 438.0 209
m 4 19
1 29 14
2 29 2
3 26 19
t 437.0 209
m 4 19
1 29 13
2 29 2
3 25 19
t 436.0 209
m 3 19
1 29 14
2 29 2
3 25 19
t 435.0 209
m 3 19
1 29 14
2 29 2
3 26 19
t 434.0 209
m 3 19
1 29 14
2 29 2
3 26 19
t 433.0 209
m 3 19
1 29 14
2 29 1
3 26 19
t 432.0 209
m 3 19
1 29 15
2 29 0
3 27 19
t 431.0 209
m 2 19
1 29 15
2 29 0
3 26 19
t 430.0 219
m 3 19
1 29 15
2 29 0
3 26 19
t 429.0 219
m 3 19
1 29 16
2 29 1
3 27 19
t 428.0 219
m 3 19
1 29 17
2 29 1
3 27 19
t 427.0 219
m 2 19
1 29 17
2 29 2
3 27 19
t 426.0 219
m 2 19
1 29 17
2 29 3
3 27 19
t 425.0 219
m 2 19
1 29 18
2 29 3
3 27 19
t 424.0 219
m 2 19
1 29 18
2 29 4
3 27 19
t 423.0 219
m 2 19
1 29 17
2 29 4
3 27 19
f 9 19
t 422.0 219
m 1 19
1 29 18
2 29 5
3 27 19
t 421.0 219
m 1 19
1 29 17
2 29 5
3 26 19
t 420.0 219
m 0 19
1 29 16
2 29 5
3 26 19
t 419.0 219
m 0 19
1 29 15
2 29 5
3 26 19
t 418.0 219
m 0 19
1 29 16
2 29 6
3 25 19
t 417.0 219
m 0 19
1 29 17
2 29 5
3 25 19
t 416.0 219
m 0 19
1 29 18
2 29 5
3 25 19
t 415.0 219
m 1 19
1 29 19
2 29 6
3 26 19
t 414.0 219
m 1 19
1 28 19
2 29 7
3 27 19
t 413.0 219
m 1 19
1 28 19
2 29 8
3 27 19
t 412.0 219
m 1 19
1 29 19
2 29 9
3 27 19
t 411.0 219
m 1 19
1 28 19
2 29 9
3 26 19
t 410.0 219
m 0 19
1 29 19
2 29 9
3 27 19
t 409.0 219
m 0 19
1 28 19
2 29 10
3 28 19
t 408.0 219
m 0 19
1 29 19
2 29 11
3 29 19
t 407.0 219
m 0 19
1 28 19
2 29 11
3 29 19
t 406.0 219
m 0 19
1 29 19
2 29 10
3 29 19
t 405.0 219
m 0 19
1 29 19
2 29 9
3 28 19
t 404.0 219
m 0 19
1 29 18
2 29 9
3 27 19
t 403.0 219
m 0 19
1 29 17
2 29 9
3 27 19
t 402.0 219
m 1 19
1 29 16
2 29 10
3 28 19
t 401.0 219
m 1 19
1 29 15
2 29 10
3 28 19
t 400.0 219
m 2 19
1 29 15
2 29 10
3 27 19
t 399.0 219
m 2 19
1 29 15
2 29 10
3 26 19
t 398.0 219
m 2 19
1 29 15
2 29 10
3 27 19
t 397.0 219
m 3 19
1 29 15
2 29 10
3 26 19
t 396.0 219
m 3 19
1 29 16
2 29 10
3 26 19
t 395.0 219
m 3 19
1 29 16
2 29 9
3 27 19
t 394.0 219
m 4 19
1 29 15
2 29 8
3 26 19
t 393.0 219
m 5 19
1 29 15
2 29 8
3 26 19
t 392.0 219
m 5 19
1 29 14
2 29 8
3 25 19
t 391.0 219
m 5 19
1 29 13
2 29 9
3 26 19
t 390.0 219
m 5 19
1 29 13
2 29 9
3 26 19
t 389.0 219
m 5 19
1 29 12
2 29 10
3 25 19
t 388.0 219
m 5 19
1 29 11
2 29 10
3 24 19
t 387.0 219
m 4 19
1 29 10
2 29 9
3 23 19
t 386.0 219
m 4 19
1 29 10
2 29 9
3 23 19
t 385.0 219
m 4 19
1 29 11
2 29 9
3 23 19
t 384.0 219
m 4 19
1 29 11
2 29 10
3 24 19
t 383.0 219
m 5 19
1 29 11
2 29 10
3 23 19
t 382.0 219
m 5 19
1 29 11
2 29 9
3 24 19
t 381.0 219
m 4 19
1 29 11
2 29 9
3 23 19
t 380.0 219
m 4 19
1 29 12
2 29 8
3 23 19
t 379.0 219
m 5 19
1 29 13
2 29 7
3 24 19
t 378.0 219
m 5 19
1 29 14
2 29 8
3 24 19
t 377.0 219
m 5 19
1 29 13
2 29 7
3 23 19
t 376.0 219
m 5 19
1 29 13
2 29 7
3 23 19
t 375.0 219
m 5 19
1 29 13
2 29 7
3 22 19
t 374.0 219
m 6 19
1 29 14
2 29 6
3 22 19
t 373.0 219
m 5 19
1 29 13
2 29 7
3 23 19
t 372.0 219
m 5 19
1 29 13
2 29 8
3 23 19
t 371.0 219
m 5 19
1 29 12
2 29 9
3 24 19
t 370.0 219
m 5 19
1 29 12
2 29 9
3 24 19
t 369.0 219
m 5 19
1 29 11
2 29 9
3 24 19
t 368.0 219
m 5 19
1 29 12
2 29 9
3 23 19
t 367.0 219
m 5 19
1 29 12
2 29 9
3 23 19
t 366.0 219
m 5 19
1 29 12
2 29 8
3 23 19
t 365.0 219
m 6 19
1 29 11
2 29 9
3 23 19
t 364.0 219
m 6 19
1 29 10
2 29 8
3 22 19
t 363.0 219
m 5 19
1 29 11
2 29 9
3 21 19
t 362.0 219
m 6 19
1 29 11
2 29 10
3 21 19
t 361.0 219
m 6 19
1 29 12
2 29 10
3 20 19
t 360.0 219
m 7 19
1 29 12
2 29 11
3 21 19
t 359.0 219
m 6 19
1 29 12
2 29 11
3 20 19
t 358.0 219
m 6 19
1 29 12
2 29 12
3 21 19
t 357.0 219
m 6 19
1 29 12
2 29 11
3 21 19
t 356.0 219
m 6 19
1 29 12
2 29 11
3 20 19
t 355.0 219
m 6 19
1 29 12
2 29 11
3 19 19
t 354.0 219
m 6 19
1 29 13
2 29 12
3 20 19
t 353.0 219
m 6 19
1 29 13
2 29 12
3 21 19
t 352.0 219
m 6 19
1 29 14
2 29 12
3 22 19
t 351.0 219
m 6 19
1 29 15
2 29 12
3 21 19
t 350.0 219
m 7 19
1 29 14
2 29 13
3 22 19
t 349.0 219
m 6 19
1 29 15
2 29 12
3 22 19
t 348.0 219
m 5 19
1 29 14
2 29 11
3 23 19
t 347.0 219
m 6 19
1 29 13
2 29 11
3 24 19
t 346.0 219
m 6 19
1 29 13
2 29 11
3 25 19
t 345.0 219
m 6 19
1 29 14
2 29 10
3 26 19
t 344.0 219
m 6 19
1 29 14
2 29 9
3 26 19
t 343.0 219
m 6 19
1 29 13
2 29 8
3 26 19
t 342.0 219
m 6 19
1 29 12
2 29 8
3 27 19
t 341.0 219
m 5 19
1 29 12
2 29 8
3 27 19
t 340.0 219
m 5 19
1 29 12
2 29 8
3 28 19
t 339.0 219
m 5 19
1 29 13
2 29 9
3 28 19
t 338.0 219
m 5 19
1 29 13
2 29 10
3 29 19
t 337.0 219
m 5 19
1 29 14
2 29 11
3 29 18
t 336.0 219
m 5 19
1 29 13
2 29 11
3 29 18
t 335.0 219
m 5 19
1 29 14
2 29 11
3 29 19
t 334.0 219
m 5 19
1 29 13
2 29 12
3 29 18
t 333.0 219
m 4 19
1 29 13
2 29 12
3 29 17
t 332.0 219
m 4 19
1 29 12
2 29 12
3 29 16
t 331.0 219
m 3 19
1 29 11
2 29 13
3 29 17
t 330.0 219
m 4 19
1 29 11
2 29 13
3 29 18
t 329.0 219
m 4 19
1 29 10
2 29 14
3 29 18
t 328.0 219
m 4 19
1 29 10
2 29 14
3 29 19
t 327.0 219
m 4 19
1 29 11
2 29 14
3 29 18
t 326.0 219
m 3 19
1 29 10
2 29 15
3 29 18
t 325.0 219
m 2 19
1 29 10
2 29 15
3 29 18
t 324.0 219
m 2 19
1 29 10
2 29 15
3 29 17
t 323.0 219
m 2 19
1 29 10
2 29 14
3 29 17
t 322.0 219
m 1 19
1 29 10
2 29 13
3 29 18
t 321.0 219
m 2 19
1 29 10
2 29 13
3 29 19
t 320.0 219
m 3 19
1 29 9
2 29 14
3 28 19
t 319.0 219
m 3 19
1 29 9
2 29 13
3 29 19
t 318.0 219
m 3 19
1 29 9
2 29 14
3 29 19
t 317.0 219
m 3 19
1 29 8
2 29 15
3 29 18
t 316.0 219
m 3 19
1 29 8
2 29 16
3 29 18
t 315.0 219
m 2 19
1 29 8
2 29 16
3 29 17
t 314.0 219
m 3 19
1 29 8
2 29 16
3 29 16
t 313.0 219
m 3 19
1 29 8
2 29 16
3 29 16
t 312.0 219
m 3 19
1 29 9
2 29 15
3 29 16
t 311.0 219
m 3 19
1 29 8
2 29 16
3 29 17
t 310.0 219
m 3 19
1 29 8
2 29 17
3 29 18
t 309.0 219
m 4 19
1 29 9
2 29 16
3 29 17
t 308.0 219
m 4 19
1 29 9
2 29 16
3 29 17
t 307.0 219
m 3 19
1 29 9
2 29 15
3 29 18
t 306.0 219
m 3 19
1 29 10
2 29 16
3 29 19
t 305.0 219
m 2 19
1 29 9
2 29 16
3 29 19
t 304.0 219
m 1 19
1 29 9
2 29 15
3 29 19
t 303.0 219
m 2 19
1 29 8
2 29 15
3 29 18
t 302.0 219
m 2 19
1 29 8
2 29 14
3 29 19
t 301.0 219
m 1 19
1 29 8
2 29 14
3 28 19
t 300.0 219
m 1 19
1 29 7
2 29 14
3 27 19
t 299.0 219
m 1 19
1 29 8
2 29 15
3 27 19
t 298.0 219
m 1 19
1 29 8
2 29 15
3 27 19
t 297.0 219
m 1 19
1 29 8
2 29 14
3 27 19
t 296.0 219
m 1 19
1 29 8
2 29 13
3 27 19
t 295.0 219
m 2 19
1 29 9
2 29 13
3 27 19
t 294.0 219
m 3 19
1 29 9
2 29 14
3 27 19
t 293.0 219
m 3 19
1 29 10
2 29 14
3 27 19
t 292.0 219
m 3 19
1 29 10
2 29 14
3 28 19
t 291.0 219
m 4 19
1 29 11
2 29 13
3 28 19
t 290.0 219
m 4 19
1 29 11
2 29 13
3 28 19
t 289.0 219
m 4 19
1 29 12
2 29 13
3 29 19
t 288.0 219
m 4 19
1 29 12
2 29 12
3 29 19
t 287.0 219
m 5 19
1 29 13
2 29 11
3 29 19
t 286.0 219
m 5 19
1 29 13
2 29 11
3 28 19
t 285.0 219
m 6 19
1 29 14
2 29 12
3 29 19
t 284.0 219
m 6 19
1 29 13
2 29 12
3 29 19
t 283.0 219
m 5 19
1 29 13
2 29 11
3 29 19
t 282.0 219
m 6 19
1 29 13
2 29 12
3 29 18
t 281.0 219
m 6 19
1 29 12
2 29 11
3 29 17
t 280.0 219
m 7 19
1 29 11
2 29 11
3 29 16
t 279.0 219
m 7 19
1 29 11
2 29 11
3 29 16
t 278.0 219
m 7 19
1 29 12
2 29 12
3 29 17
t 277.0 219
m 7 19
1 29 13
2 29 11
3 29 18
t 276.0 219
m 7 19
1 29 12
2 29 10
3 29 18
t 275.0 219
m 7 19
1 29 12
2 29 10
3 29 19
t 274.0 219
m 8 19
1 29 11
2 29 11
3 28 19
t 273.0 219
m 7 19
1 29 11
2 29 12
3 27 19
t 272.0 219
m 7 19
1 29 12
2 29 13
3 27 19
t 271.0 219
m 6 19
1 29 11
2 29 13
3 27 19
t 270.0 219
m 6 19
1 29 11
2 29 12
3 26 19
t 269.0 219
m 6 19
1 29 10
2 29 12
3 25 19
t 268.0 219
m 7 19
1 29 11
2 29 11
3 26 19
t 267.0 219
m 7 19
1 29 11
2 29 12
3 25 19
t 266.0 219
m 7 19
1 29 12
2 29 12
3 26 19
t 265.0 219
m 6 19
1 29 12
2 29 12
3 25 19
t 264.0 219
m 6 19
1 29 11
2 29 13
3 25 19
t 263.0 219
m 5 19
1 29 10
2 29 14
3 24 19
t 262.0 219
m 6 19
1 29 10
2 29 14
3 24 19
t 261.0 219
m 6 19
1 29 10
2 29 13
3 24 19
t 260.0 219
m 5 19
1 29 11
2 29 13
3 24 19
t 259.0 219
m 6 19
1 29 11
2 29 13
3 24 19
t 258.0 219
m 7 19
1 29 12
2 29 14
3 23 19
t 257.0 219
m 7 19
1 29 13
2 29 13
3 23 19
t 256.0 219
m 7 19
1 29 14
2 29 12
3 24 19
t 255.0 219
m 7 19
1 29 14
2 29 12
3 25 19
t 254.0 219
m 7 19
1 29 14
2 29 11
3 25 19
t 253.0 219
m 7 19
1 29 15
2 29 10
3 26 19
t 252.0 219
m 6 19
1 29 14
2 29 10
3 26 19
t 251.0 219
m 6 19
1 29 14
2 29 11
3 27 19
t 250.0 219
m 6 19
1 29 15
2 29 12
3 26 19
t 249.0 219
m 5 19
1 29 16
2 29 11
3 27 19
t 248.0 219
m 5 19
1 29 16
2 29 11
3 27 19
t 247.0 219
m 5 19
1 29 16
2 29 12
3 28 19
t 246.0 219
m 6 19
1 29 17
2 29 11
3 28 19
t 245.0 219
m 6 19
1 29 17
2 29 10
3 27 19
t 244.0 219
m 6 19
1 29 17
2 29 10
3 27 19
t 243.0 219
m 6 19
1 29 18
2 29 11
3 27 19
t 242.0 219
m 7 19
1 29 19
2 29 11
3 26 19
t 241.0 219
m 7 19
1 29 19
2 29 11
3 26 19
t 240.0 219
m 7 19
1 28 19
2 29 11
3 26 19
t 239.0 219
m 6 19
1 28 19
2 29 11
3 25 19
t 238.0 219
m 7 19
1 29 19
2 29 11
3 26 19
t 237.0 219
m 7 19
1 29 19
2 29 10
3 25 19
t 236.0 219
m 7 19
1 29 18
2 29 10
3 25 19
t 235.0 219
m 7 19
1 29 18
2 29 10
3 25 19
t 234.0 219
m 6 19
1 29 19
2 29 11
3 26 19
t 233.0 219
m 7 19
1 28 19
2 29 11
3 25 19
t 232.0 219
m 8 19
1 28 19
2 29 12
3 24 19
t 231.0 219
m 8 19
1 27 19
2 29 11
3 25 19
t 230.0 219
m 8 19
1 27 19
2 29 10
3 25 19
t 229.0 219
m 8 19
1 27 19
2 29 9
3 25 19
t 228.0 219
m 8 19
1 26 19
2 29 8
3 25 19
t 227.0 219
m 8 19
1 26 19
2 29 8
3 25 19
t 226.0 219
m 9 19
1 27 19
2 29 8
3 25 19
t 225.0 229
m 9 19
1 27 19
2 29 8
3 26 19
t 224.0 229
m 8 19
1 27 19
2 29 7
3 25 19
t 223.0 229
m 8 19
1 27 19
2 29 6
3 26 19
t 222.0 229
m 8 19
1 28 19
2 29 5
3 27 19
t 221.0 229
m 8 19
1 29 19
2 29 5
3 28 19
t 220.0 229
m 8 19
1 28 19
2 29 4
3 28 19
t 219.0 229
m 8 19
1 28 19
2 29 4
3 27 19
t 218.0 229
m 8 19
1 29 19
2 29 3
3 28 19
t 217.0 229
m 7 19
1 29 18
2 29 4
3 29 19
t 216.0 229
m 6 19
1 29 18
2 29 4
3 29 18
t 215.0 229
m 7 19
1 29 18
2 29 4
3 29 18
t 214.0 229
m 7 19
1 29 17
2 29 5
3 29 18
t 213.0 229
m 8 19
1 29 16
2 29 4
3 29 17
t 212.0 229
m 7 19
1 29 16
2 29 4
3 29 17
t 211.0 229
m 7 19
1 29 17
2 29 5
3 29 16
t 210.0 229
m 6 19
1 29 18
2 29 4
3 29 16
t 209.0 229
m 7 19
1 29 18
2 29 5
3 29 15
t 208.0 229
m 8 19
1 29 18
2 29 4
3 29 14
t 207.0 229
m 8 19
1 29 18
2 29 4
3 29 14
t 206.0 229
m 8 19
1 29 18
2 29 4
3 29 14
t 205.0 229
m 7 19
1 29 19
2 29 4
3 29 14
t 204.0 229
m 7 19
1 28 19
2 29 4
3 29 14
t 203.0 229
m 7 19
1 29 19
2 29 4
3 29 15
t 202.0 229
m 6 19
1 28 19
2 29 3
3 29 15
t 201.0 229
m 5 19
1 28 19
2 29 3
3 29 15
t 200.0 229
m 5 19
1 27 19
2 29 3
3 29 15
t 199.0 229
m 6 19
1 27 19
2 29 3
3 29 14
t 198.0 229
m 5 19
1 28 19
2 29 3
3 29 14
t 197.0 229
m 5 19
1 28 19
2 29 4
3 29 14
t 196.0 229
m 5 19
1 29 19
2 29 3
3 29 14
t 195.0 229
m 5 19
1 28 19
2 29 2
3 29 14
t 194.0 229
m 5 19
1 27 19
2 29 2
3 29 14
t 193.0 229
m 5 19
1 27 19
2 29 3
3 29 14
t 192.0 229
m 5 19
1 28 19
2 29 4
3 29 13
t 191.0 229
m 6 19
1 28 19
2 29 3
3 29 13
t 190.0 229
m 5 19
1 27 19
2 29 3
3 29 13
t 189.0 229
m 5 19
1 27 19
2 29 3
3 29 14
t 188.0 229
m 5 19
1 27 19
2 29 3
3 29 13
t 187.0 229
m 5 19
1 26 19
2 29 3
3 29 13
t 186.0 229
m 5 19
1 26 19
2 29 3
3 29 12
t 185.0 229
m 5 19
1 27 19
2 29 2
3 29 13
t 184.0 229
m 5 19
1 27 19
2 29 1
3 29 14
t 183.0 229
m 6 19
1 28 19
2 29 0
3 29 15
t 182.0 229
m 6 19
1 29 19
2 29 0
3 29 16
f 5 19
t 181.0 229
m 7 19
1 29 18
2 29 0
3 29 15
t 180.0 229
m 7 19
1 29 17
2 29 0
3 29 15
t 179.0 229
m 7 19
1 29 17
2 29 0
3 29 15
t 178.0 229
m 6 19
1 29 17
2 29 0
3 29 14
t 177.0 229
m 5 19
1 29 17
2 29 1
3 29 14
t 176.0 239
m 5 19
1 29 18
2 29 0
3 29 14
t 175.0 239
m 5 19
1 29 18
2 29 0
3 29 15
t 174.0 239
m 6 19
1 29 18
2 29 0
3 29 15
t 173.0 239
m 6 19
1 29 17
2 29 0
3 29 16
t 172.0 239
m 6 19
1 29 18
2 29 0
3 29 15
t 171.0 239
m 7 19
1 29 17
2 29 0
3 29 16
t 170.0 239
m 6 19
1 29 16
2 29 0
3 29 17
t 169.0 239
m 6 19
1 29 15
2 29 0
3 29 17
t 168.0 239
m 7 19
1 29 16
2 29 0
3 29 17
t 167.0 239
m 7 19
1 29 16
2 29 0
3 29 17
t 166.0 239
m 8 19
1 29 16
2 29 0
3 29 16
t 165.0 239
m 8 19
1 29 15
2 29 0
3 29 16
t 164.0 239
m 8 19
1 29 15
2 29 0
3 29 16
t 163.0 239
m 8 19
1 29 14
2 29 0
3 29 17
t 162.0 239
m 8 19
1 29 13
2 29 1
3 29 17
t 161.0 239
m 8 19
1 29 14
2 29 0
3 29 17
t 160.0 239
m 7 19
1 29 14
2 29 0
3 29 18
t 159.0 239
m 7 19
1 29 14
2 29 0
3 29 18
t 158.0 239
m 7 19
1 29 14
2 29 0
3 29 19
t 157.0 239
m 8 19
1 29 15
2 29 0
3 28 19
t 156.0 239
m 7 19
1 29 15
2 29 1
3 29 19
t 155.0 239
m 7 19
1 29 14
2 29 1
3 29 19
t 154.0 239
m 6 19
1 29 15
2 29 1
3 29 19
t 153.0 239
m 6 19
1 29 15
2 29 1
3 29 19
f 0 19
t 152.0 239
m 7 19
1 29 15
2 29 0
3 28 19
t 151.0 239
m 8 19
1 29 15
2 29 1
3 28 19
t 150.0 239
m 7 19
1 29 15
2 29 1
3 27 19
t 149.0 239
m 7 19
1 29 16
2 29 2
3 27 19
t 148.0 239
m 7 19
1 29 16
2 29 2
3 26 19
t 147.0 239
m 7 19
1 29 16
2 29 1
3 26 19
t 146.0 239
m 6 19
1 29 16
2 29 2
3 27 19
t 145.0 239
m 6 19
1 29 17
2 29 1
3 28 19
t 144.0 239
m 6 19
1 29 17
2 29 0
3 29 19
t 143.0 239
m 6 19
1 29 18
2 29 0
3 29 18
t 142.0 239
m 6 19
1 29 18
2 29 1
3 29 19
t 141.0 239
m 5 19
1 29 19
2 29 1
3 29 19
t 140.0 239
m 5 19
1 28 19
2 29 0
3 29 19
t 139.0 239
m 4 19
1 28 19
2 29 0
3 29 19
t 138.0 239
m 4 19
1 27 19
2 29 0
3 29 18
t 137.0 239
m 4 19
1 26 19
2 29 1
3 29 18
t 136.0 239
m 3 19
1 26 19
2 29 0
3 29 17
t 135.0 239
m 3 19
1 26 19
2 29 1
3 29 16
t 134.0 239
m 3 19
1 27 19
2 29 1
3 29 17
t 133.0 239
m 3 19
1 27 19
2 29 0
3 29 18
t 132.0 239
m 2 19
1 26 19
2 29 1
3 29 17
t 131.0 239
m 2 19
1 26 19
2 29 2
3 29 17
t 130.0 239
m 2 19
1 26 19
2 29 1
3 29 17
t 129.0 239
m 3 19
1 25 19
2 29 2
3 29 17
t 128.0 239
m 3 19
1 26 19
2 29 2
3 29 17
t 127.0 239
m 4 19
1 26 19
2 29 3
3 29 17
t 126.0 239
m 4 19
1 26 19
2 29 3
3 29 16
t 125.0 239
m 3 19
1 26 19
2 29 2
3 29 16
t 124.0 239
m 2 19
1 27 19
2 29 1
3 29 15
t 123.0 239
m 1 19
1 26 19
2 29 1
3 29 14
t 122.0 239
m 1 19
1 27 19
2 29 2
3 29 14
t 121.0 239
m 2 19
1 26 19
2 29 2
3 29 15
t 120.0 239
m 1 19
1 25 19
2 29 3
3 29 14
t 119.0 239
m 1 19
1 25 19
2 29 2
3 29 13
t 118.0 239
m 0 19
1 25 19
2 29 2
3 29 13
t 117.0 249
m 1 19
1 25 19
2 29 1
3 29 13
t 116.0 249
m 1 19
1 25 19
2 29 1
3 29 13
t 115.0 249
m 1 19
1 25 19
2 29 0
3 29 13
t 114.0 249
m 1 19
1 25 19
2 29 0
3 29 14
t 113.0 249
m 1 19
1 25 19
2 29 0
3 29 13
t 112.0 249
m 1 19
1 26 19
2 29 1
3 29 14
t 111.0 249
m 1 19
1 26 19
2 29 1
3 29 13
t 110.0 249
m 2 19
1 26 19
2 29 0
3 29 13
t 109.0 249
m 2 19
1 26 19
2 29 0
3 29 13
t 108.0 249
m 2 19
1 27 19
2 29 0
3 29 14
t 107.0 249
m 3 19
1 27 19
2 29 0
3 29 15
t 106.0 249
m 3 19
1 27 19
2 29 0
3 29 14
t 105.0 249
m 3 19
1 28 19
2 29 0
3 29 15
t 104.0 249
m 3 19
1 28 19
2 29 1
3 29 14
t 103.0 249
m 2 19
1 28 19
2 29 1
3 29 14
t 102.0 249
m 2 19
1 27 19
2 29 1
3 29 14
t 101.0 249
m 2 19
1 28 19
2 29 2
3 29 13
t 100.0 249
m 2 19
1 28 19
2 29 1
3 29 14
t 99.0 249
m 2 19
1 28 19
2 29 0
3 29 14
t 98.0 249
m 2 19
1 28 19
2 29 0
3 29 15
t 97.0 249
m 1 19
1 28 19
2 29 0
3 29 16
t 96.0 249
m 1 19
1 28 19
2 29 1
3 29 17
t 95.0 249
m 1 19
1 28 19
2 29 1
3 29 16
t 94.0 249
m 1 19
1 29 19
2 29 2
3 29 17
t 93.0 249
m 1 19
1 28 19
2 29 1
3 29 17
t 92.0 249
m 1 19
1 27 19
2 29 1
3 29 17
t 91.0 249
m 1 19
1 28 19
2 29 2
3 29 16
t 90.0 249
m 0 19
1 28 19
2 29 3
3 29 17
t 89.0 249
m 0 19
1 28 19
2 29 2
3 29 16
t 88.0 249
m 0 19
1 27 19
2 29 1
3 29 17
t 87.0 249
m 0 19
1 27 19
2 29 2
3 29 16
t 86.0 249
m 0 19
1 27 19
2 29 1
3 29 16
t 85.0 249
m 0 19
1 27 19
2 29 0
3 29 16
t 84.0 249
m 0 19
1 28 19
2 29 0
3 29 16
t 83.0 249
m 0 19
1 28 19
2 29 0
3 29 16
t 82.0 249
m 0 19
1 28 19
2 29 0
3 29 17
t 81.0 249
m 0 19
1 27 19
2 29 0
3 29 18
f 7 19
t 80.0 249
m 0 19
1 26 19
2 29 0
3 29 18
t 79.0 249
m 0 19
1 27 19
2 29 1
3 29 19
t 78.0 249
m 0 19
1 27 19
2 29 0
3 28 19
t 77.0 249
m 0 19
1 26 19
2 29 1
3 28 19
t 76.0 249
m 0 19
1 25 19
2 29 0
3 28 19
t 75.0 249
m 0 19
1 25 19
2 29 1
3 29 19
t 74.0 249
m 0 19
1 26 19
2 29 1
3 29 19
t 73.0 249
m 0 19
1 26 19
2 29 1
3 28 19
t 72.0 249
m 0 19
1 26 19
2 29 1
3 27 19
t 71.0 249
m 0 19
1 26 19
2 29 1
3 28 19
t 70.0 249
m 0 19
1 27 19
2 29 1
3 28 19
t 69.0 249
m 0 19
1 28 19
2 29 1
3 28 19
t 68.0 249
m 1 19
1 28 19
2 29 0
3 27 19
t 67.0 249
m 1 19
1 28 19
2 29 0
3 26 19
t 66.0 249
m 1 19
1 27 19
2 29 0
3 27 19
t 65.0 249
m 1 19
1 28 19
2 29 0
3 28 19
t 64.0 249
m 1 19
1 28 19
2 29 0
3 27 19
t 63.0 249
m 1 19
1 27 19
2 29 0
3 27 19
t 62.0 249
m 2 19
1 27 19
2 29 0
3 27 19
t 61.0 249
m 3 19
1 26 19
2 29 0
3 26 19
t 60.0 249
m 4 19
1 27 19
2 29 0
3 27 19
t 59.0 249
m 4 19
1 27 19
2 29 0
3 27 19
t 58.0 249
m 4 19
1 27 19
2 29 1
3 26 19
t 57.0 249
m 3 19
1 27 19
2 29 2
3 27 19
t 56.0 249
m 3 19
1 28 19
2 29 3
3 27 19
t 55.0 249
m 3 19
1 27 19
2 29 4
3 27 19
t 54.0 249
m 2 19
1 26 19
2 29 5
3 28 19
t 53.0 249
m 1 19
1 27 19
2 29 5
3 28 19
t 52.0 249
m 2 19
1 27 19
2 29 6
3 27 19
t 51.0 249
m 2 19
1 28 19
2 29 5
3 26 19
t 50.0 249
m 2 19
1 28 19
2 29 4
3 26 19
t 49.0 249
m 1 19
1 28 19
2 29 4
3 26 19
t 48.0 249
m 1 19
1 29 19
2 29 4
3 26 19
t 47.0 249
m 2 19
1 29 19
2 29 3
3 26 19
t 46.0 249
m 2 19
1 29 19
2 29 2
3 27 19
t 45.0 249
m 2 19
1 29 19
2 29 2
3 28 19
t 44.0 249
m 3 19
1 29 18
2 29 3
3 28 19
t 43.0 249
m 3 19
1 29 18
2 29 3
3 28 19
t 42.0 249
m 3 19
1 29 18
2 29 2
3 27 19
t 41.0 249
m 2 19
1 29 18
2 29 2
3 27 19
t 40.0 249
m 2 19
1 29 18
2 29 3
3 28 19
t 39.0 249
m 3 19
1 29 18
2 29 3
3 28 19
t 38.0 249
m 2 19
1 29 18
2 29 3
3 28 19
t 37.0 249
m 1 19
1 29 19
2 29 3
3 28 19
t 36.0 249
m 1 19
1 29 19
2 29 3
3 29 19
t 35.0 249
m 2 19
1 29 18
2 29 3
3 28 19
t 34.0 249
m 2 19
1 29 17
2 29 4
3 28 19
t 33.0 249
m 1 19
1 29 17
2 29 5
3 27 19
t 32.0 249
m 1 19
1 29 18
2 29 4
3 28 19
t 31.0 249
m 1 19
1 29 19
2 29 4
3 27 19
t 30.0 249
m 1 19
1 29 18
2 29 4
3 27 19
t 29.0 249
m 1 19
1 29 17
2 29 4
3 27 19
t 28.0 249
m 1 19
1 29 17
2 29 4
3 27 19
t 27.0 249
m 1 19
1 29 16
2 29 4
3 26 19
t 26.0 249
m 1 19
1 29 16
2 29 4
3 26 19
t 25.0 249
m 1 19
1 29 15
2 29 4
3 25 19
t 24.0 249
m 1 19
1 29 14
2 29 3
3 25 19
t 23.0 249
m 0 19
1 29 13
2 29 3
3 25 19
t 22.0 249
m 0 19
1 29 13
2 29 2
3 26 19
t 21.0 249
m 0 19
1 29 13
2 29 2
3 26 19
t 20.0 249
m 0 19
1 29 13
2 29 1
3 26 19
t 19.0 249
m 0 19
1 29 13
2 29 1
3 26 19
t 18.0 249
m 1 19
1 29 13
2 29 2
3 25 19
t 17.0 249
m 1 19
1 29 14
2 29 3
3 26 19
t 16.0 249
m 0 19
1 29 15
2 29 3
3 26 19
t 15.0 249
m 0 19
1 29 15
2 29 3
3 25 19
t 14.0 249
m 0 19
1 29 16
2 29 2
3 25 19
t 13.0 249
m 0 19
1 29 16
2 29 3
3 24 19
t 12.0 249
m 0 19
1 29 16
2 29 3
3 24 19
t 11.0 249
m 0 19
1 29 16
2 29 2
3 23 19
t 10.0 249
m 0 19
1 29 16
2 29 2
3 24 19
t 9.0 249
m 0 19
1 29 15
2 29 2
3 24 19
t 8.0 249
m 1 19
1 29 15
2 29 2
3 25 19
t 7.0 249
m 1 19
1 29 15
2 29 2
3 25 19
t 6.0 249
m 1 19
1 29 14
2 29 1
3 24 19
t 5.0 249
m 1 19
1 29 14
2 29 1
3 24 19
t 4.0 249
m 2 19
1 29 14
2 29 2
3 25 19
t 3.0 249
m 2 19
1 29 15
2 29 3
3 24 19
t 2.0 249
m 2 19
1 29 15
2 29 2
3 24 19
t 1.0 249
m 2 19
1 29 16
2 29 3
3 24 19
t 0.0 249
