15
15
m 0 14
w 3 0
w 7 1
w 11 3
w 3 4
w 3 5
w 3 6
w 7 4
w 11 6
w 3 9
w 11 8
w 7 12
w 11 12
w 3 14
w 7 14
w 5 3
w 1 5
w 5 6
w 8 0
w 12 1
w 12 2
w 12 3
w 12 4
w 0 1
w 0 4
w 4 5
w 4 6
w 4 7
w 8 8
w 12 11
w 8 9
w 4 13
w 4 14
w 8 10
w 8 13
w 1 4
w 9 0
w 1 1
w 9 3
w 9 4
w 9 5
w 9 6
w 9 7
w 9 8
w 13 6
w 13 8
w 13 9
w 9 12
w 9 13
w 13 10
w 13 12
w 1 7
w 1 10
w 1 11
w 10 1
w 10 2
w 6 3
w 6 4
w 14 4
w 14 7
w 6 8
w 10 9
w 6 10
w 6 11
w 2 11
w 6 14
w 14 14
1 14 0
2 14 0
3 14 0
p 3 2
p 11 2
p 7 6
p 7 9
p 3 10
p 11 10
p 4 1
p 4 3
p 12 6
p 0 6
p 0 9
p 8 11
p 4 12
p 1 0
p 1 2
p 5 2
p 13 4
p 5 7
p 1 12
p 6 1
p 10 3
p 10 4
p 10 5
p 2 4
p 6 7
p 10 8
p 2 5
p 10 10
p 14 11
p 14 12
p 2 6
t 1125.0 0
14 3
p 6 4
p 10 4
p 2 12
t 1125.0 0
m 0 14
1 14 1
2 13 0
3 14 0
t 1124.0 0
m 0 14
1 13 1
2 14 0
3 14 0
t 1123.0 0
m 0 14
1 13 1
2 13 0
3 14 0
t 1122.0 0
m 0 14
1 14 1
2 13 0
3 14 0
t 1121.0 0
m 0 13
1 14 2
2 12 0
3 14 1
t 1120.0 0
m 0 13
1 14 2
2 13 0
3 14 1
t 1119.0 0
m 1 13
1 14 2
2 14 0
3 14 0
t 1118.0 0
m 0 13
1 14 2
2 13 0
3 13 0
t 1117.0 0
m 0 12
1 14 1
2 13 1
3 13 1
t 1116.0 0
m 1 12
1 13 1
2 12 1
3 12 1
t 1115.0 0
m 1 12
1 12 1
2 12 0
3 12 1
t 1114.0 0
m 2 12
1 13 1
2 12 0
3 12 0
t 1113.0 4
m 2 12
1 13 0
2 12 1
3 13 0
t 1112.0 4
m 2 11
1 13 0
2 13 1
3 14 0
t 1111.0 4
m 2 12
1 14 0
2 13 1
3 14 0
t 1110.0 4
m 2 12
1 14 0
2 14 1
3 13 0
t 1109.0 4
m 2 12
1 14 0
2 14 0
3 13 1
t 1108.0 4
m 2 12
1 14 1
2 14 0
3 14 1
t 1107.0 4
m 2 12
1 13 1
2 13 0
3 13 1
t 1106.0 4
m 2 12
1 13 1
2 13 0
3 12 1
t 1105.0 4
m 2 11
1 12 1
2 14 0
3 12 1
t 1104.0 4
m 2 11
1 12 1
2 14 1
3 12 1
t 1103.0 4
m 3 11
1 13 1
2 14 0
3 12 0
t 1102.0 4
m 3 11
1 13 1
2 14 0
3 11 0
t 1101.0 4
m 3 11
1 13 1
2 14 0
3 10 0
t 1100.0 4
m 3 11
1 12 1
2 14 0
3 11 0
t 1099.0 4
m 4 11
1 12 0
2 14 0
3 12 0
t 1098.0 4
m 4 12
1 11 0
2 14 1
3 13 0
t 1097.0 4
m 4 12
1 11 0
2 14 2
3 12 0
t 1096.0 4
m 3 12
1 11 0
2 14 3
3 12 0
t 1095.0 4
m 3 13
1 11 0
2 14 2
3 11 0
t 1094.0 4
m 3 13
1 11 0
2 14 2
3 10 0
t 1093.0 4
m 3 12
1 11 0
2 14 2
3 10 0
t 1092.0 4
m 3 12
1 11 0
2 14 3
3 10 0
t 1091.0 4
m 2 12
1 11 0
2 14 2
3 9 0
t 1090.0 4
m 3 12
1 11 0
2 14 1
3 9 0
t 1089.0 4
m 3 12
1 11 0
2 14 1
3 9 0
t 1088.0 4
m 3 12
1 12 0
2 13 1
3 9 0
t 1087.0 4
m 4 12
1 13 0
2 14 1
3 9 1
t 1086.0 4
m 4 12
1 14 0
2 14 0
3 8 1
t 1085.0 4
m 4 12
1 13 0
2 14 0
3 8 1
t 1084.0 4
m 4 13
1 12 0
2 14 1
3 9 1
t 1083.0 4
m 4 12
1 12 0
2 14 2
3 9 2
t 1082.0 4
m 3 12
1 11 0
2 14 2
3 9 2
t 1081.0 4
m 3 13
1 11 0
2 14 2
3 9 2
t 1080.0 4
m 3 13
1 11 0
2 14 2
3 10 2
t 1079.0 4
m 3 13
1 11 0
2 14 1
3 10 2
t 1078.0 4
m 3 14
1 11 0
2 13 1
3 9 2
t 1077.0 4
m 3 14
1 12 0
2 14 1
3 10 2
t 1076.0 4
m 3 14
1 11 0
2 14 1
3 10 2
t 1075.0 4
m 3 14
1 10 0
2 14 1
3 10 2
t 1074.0 4
m 4 14
1 11 0
2 14 1
3 9 2
t 1073.0 4
m 4 14
1 11 0
2 13 1
3 9 1
t 1072.0 4
m 4 13
1 12 0
2 12 1
3 9 0
t 1071.0 4
m 4 12
1 12 0
2 12 1
3 9 1
t 1070.0 4
m 4 12
1 11 0
2 12 0
3 9 0
t 1069.0 4
m 4 12
1 12 0
2 11 0
3 9 0
t 1068.0 4
m 4 12
1 12 0
2 11 0
3 9 0
t 1067.0 4
m 4 12
1 12 0
2 10 0
3 9 1
t 1066.0 4
m 4 11
1 11 0
2 10 0
3 8 1
t 1065.0 4
m 5 11
1 11 0
2 9 0
3 8 1
t 1064.0 4
m 5 10
1 10 0
2 9 0
3 8 1
t 1063.0 4
m 4 10
1 9 0
2 9 0
3 8 1
t 1062.0 4
m 4 10
1 9 0
2 9 1
3 8 1
t 1061.0 4
m 4 11
1 10 0
2 9 2
3 7 1
t 1060.0 4
m 5 11
1 10 0
2 10 2
3 7 2
t 1059.0 4
m 5 11
1 10 0
2 11 2
3 7 2
t 1058.0 4
m 4 11
1 10 0
2 10 2
3 7 2
t 1057.0 4
m 4 10
1 11 0
2 10 3
3 7 3
t 1056.0 4
m 4 10
1 11 0
2 10 3
3 7 3
t 1055.0 4
m 5 10
1 11 0
2 10 3
3 7 3
t 1054.0 4
m 5 10
1 11 0
2 10 2
3 7 3
t 1053.0 4
m 5 11
1 11 0
2 11 2
3 7 2
t 1052.0 4
m 5 11
1 10 0
2 11 2
3 7 2
t 1051.0 4
m 5 10
1 9 0
2 11 2
3 7 1
t 1050.0 4
m 4 10
1 9 1
2 10 2
3 7 1
t 1049.0 4
m 4 10
1 9 2
2 10 2
3 8 1
t 1048.0 4
m 4 10
1 10 2
2 9 2
3 9 1
t 1047.0 4
m 5 10
1 10 2
2 9 1
3 9 0
t 1046.0 4
m 5 10
1 11 2
2 9 1
3 9 1
t 1045.0 4
m 5 10
1 11 2
2 9 1
3 8 1
t 1044.0 4
m 5 11
1 10 2
2 8 1
3 7 1
t 1043.0 4
m 5 10
1 11 2
2 9 1
3 7 2
t 1042.0 4
m 5 10
1 11 2
2 9 0
3 7 2
t 1041.0 4
m 5 10
1 11 2
2 10 0
3 7 2
t 1040.0 4
m 5 10
1 10 2
2 10 0
3 7 3
t 1039.0 4
m 5 11
1 11 2
2 9 0
3 7 2
t 1038.0 4
m 5 11
1 11 2
2 9 1
3 7 2
t 1037.0 4
m 5 11
1 10 2
2 9 1
3 7 3
t 1036.0 4
m 5 11
1 10 2
2 9 2
3 7 3
t 1035.0 4
m 4 11
1 10 2
2 10 2
3 7 2
t 1034.0 4
m 4 11
1 11 2
2 11 2
3 7 1
t 1033.0 4
m 4 10
1 11 2
2 11 2
3 7 1
t 1032.0 4
m 4 11
1 10 2
2 11 2
3 7 1
t 1031.0 4
m 4 10
1 10 3
2 11 2
3 8 1
t 1030.0 4
m 4 9
1 10 3
2 10 2
3 9 1
t 1029.0 8
m 4 9
1 10 4
2 9 2
3 9 1
t 1028.0 8
m 4 9
1 11 4
2 10 2
3 8 1
t 1027.0 8
m 4 9
1 12 4
2 9 2
3 9 1
t 1026.0 8
m 4 9
1 12 5
2 9 1
3 9 2
t 1025.0 8
m 4 9
1 12 4
2 8 1
3 9 2
t 1024.0 8
m 4 9
1 13 4
2 8 1
3 10 2
t 1023.0 8
m 3 9
1 13 4
2 9 1
3 10 3
t 1022.0 12
m 4 9
1 13 5
2 8 1
3 10 3
t 1021.0 12
m 4 9
1 13 4
2 7 1
3 10 3
t 1020.0 12
m 4 9
1 13 4
2 7 1
3 10 4
t 1019.0 12
m 4 9
1 13 5
2 7 1
3 10 4
t 1018.0 12
m 4 9
1 13 5
2 7 1
3 10 3
t 1017.0 12
m 3 9
1 13 5
2 7 1
3 10 4
t 1016.0 12
m 2 9
1 13 4
2 7 1
3 9 4
t 1015.0 12
m 3 9
1 13 4
2 7 1
3 9 4
t 1014.0 12
m 3 9
1 13 4
2 7 1
3 9 4
t 1013.0 12
m 3 9
1 13 4
2 8 1
3 10 4
t 1012.0 12
m 2 9
1 13 4
2 7 1
3 11 4
t 1011.0 12
m 2 9
1 13 4
2 7 1
3 11 4
t 1010.0 12
m 2 10
1 13 4
2 8 1
3 11 4
t 1009.0 12
m 2 11
1 13 4
2 8 1
3 11 5
t 1008.0 12
m 2 11
1 12 4
2 7 1
3 11 4
t 1007.0 12
m 2 11
1 11 4
2 7 2
3 11 5
t 1006.0 12
m 2 11
1 12 4
2 7 3
3 11 6
t 1005.0 12
m 2 12
1 13 4
2 8 3
3 11 5
t 1004.0 12
m 2 12
1 13 5
2 8 3
3 11 4
t 1003.0 12
m 2 12
1 13 5
2 7 3
3 11 5
t 1002.0 12
m 2 11
1 13 5
2 7 2
3 12 5
t 1001.0 12
m 2 10
1 13 5
2 7 2
3 11 5
t 1000.0 12
m 2 9
1 13 5
2 7 2
3 11 5
t 999.0 12
m 1 9
1 13 5
2 7 2
3 11 6
t 998.0 12
m 2 9
1 13 5
2 7 2
3 12 6
t 997.0 12
m 1 9
1 13 5
2 7 2
3 12 6
t 996.0 12
m 0 9
1 13 5
2 7 1
3 12 6
t 995.0 16
m 1 9
1 12 5
2 8 1
3 12 5
t 994.0 16
m 0 9
1 12 4
2 9 1
3 12 4
t 993.0 16
m 0 9
1 12 4
2 9 0
3 12 5
t 992.0 16
m 1 9
1 12 5
2 10 0
3 12 4
t 991.0 16
m 1 9
1 12 4
2 10 0
3 12 5
t 990.0 16
m 1 9
1 12 4
2 9 0
3 12 6
t 989.0 16
m 1 9
1 11 4
2 9 0
3 12 6
t 988.0 16
m 1 9
1 12 4
2 9 1
3 12 5
t 987.0 16
m 1 9
1 11 4
2 9 0
3 11 5
t 986.0 16
m 1 9
1 12 4
2 9 0
3 11 4
t 985.0 16
m 0 9
1 12 5
2 9 1
3 11 5
t 984.0 16
m 1 9
1 12 4
2 9 0
3 12 5
t 983.0 16
m 1 9
1 12 5
2 9 0
3 13 5
t 982.0 16
m 2 9
1 13 5
2 9 1
3 13 4
t 981.0 16
m 2 10
1 12 5
2 9 0
3 12 4
t 980.0 16
m 2 10
1 11 5
2 9 1
3 13 4
t 979.0 16
m 2 10
1 12 5
2 9 1
3 13 4
t 978.0 16
m 2 10
1 13 5
2 8 1
3 12 4
t 977.0 16
m 2 10
1 13 4
2 7 1
3 13 4
t 976.0 16
m 2 9
1 13 4
2 7 2
3 13 5
t 975.0 16
m 2 8
1 13 5
2 7 2
3 13 5
t 974.0 16
m 2 9
1 13 5
2 7 2
3 13 4
t 973.0 16
m 1 9
1 13 5
2 7 2
3 12 4
t 972.0 16
m 1 9
1 13 4
2 7 2
3 12 4
t 971.0 16
m 1 9
1 13 5
2 7 2
3 12 5
t 970.0 16
m 1 9
1 12 5
2 7 2
3 13 5
t 969.0 16
m 0 9
1 12 6
2 7 2
3 13 5
t 968.0 16
m 0 9
1 12 6
2 7 2
3 13 5
t 967.0 16
m 0 8
1 12 6
2 7 3
3 13 5
t 966.0 16
m 0 8
1 12 6
2 7 3
3 13 4
t 965.0 16
m 0 8
1 12 6
2 8 3
3 12 4
t 964.0 16
m 0 8
1 12 6
2 8 3
3 11 4
t 963.0 16
m 0 8
1 12 5
2 7 3
3 11 4
t 962.0 16
m 0 9
1 12 4
2 7 3
3 11 4
t 961.0 16
m 1 9
1 13 4
2 7 3
3 11 5
t 960.0 16
m 0 9
1 13 4
2 7 3
3 11 5
t 959.0 16
m 0 8
1 13 4
2 7 3
3 11 6
t 958.0 16
m 0 9
1 13 5
2 7 3
3 10 6
t 957.0 16
m 0 9
1 12 5
2 8 3
3 11 6
t 956.0 16
m 0 9
1 13 5
2 8 3
3 12 6
t 955.0 16
m 0 9
1 13 5
2 8 3
3 12 6
t 954.0 16
m 0 8
1 13 4
2 7 3
3 12 5
t 953.0 16
m 0 8
1 12 4
2 7 3
3 12 4
t 952.0 16
m 0 8
1 13 4
2 8 3
3 12 5
t 951.0 16
m 0 8
1 12 4
2 7 3
3 11 5
t 950.0 16
m 0 9
1 13 4
2 8 3
3 11 4
t 949.0 16
m 1 9
1 13 4
2 8 3
3 11 5
t 948.0 16
m 2 9
1 13 4
2 7 3
3 11 6
t 947.0 16
m 2 8
1 13 4
2 7 2
3 11 7
t 946.0 16
m 2 9
1 13 4
2 7 2
3 11 7
t 945.0 16
m 1 9
1 13 4
2 7 2
3 11 7
t 944.0 16
m 1 9
1 13 4
2 7 1
3 11 6
t 943.0 16
m 0 9
1 13 4
2 7 1
3 12 6
t 942.0 16
m 0 9
1 12 4
2 7 1
3 12 6
t 941.0 16
m 1 9
1 12 4
2 7 2
3 12 5
t 940.0 16
m 2 9
1 12 5
2 7 2
3 12 4
t 939.0 16
m 2 10
1 12 6
2 7 3
3 13 4
t 938.0 16
m 2 9
1 12 6
2 7 3
3 13 4
t 937.0 16
m 1 9
1 12 6
2 7 3
3 13 4
t 936.0 16
m 1 9
1 12 6
2 7 3
3 13 5
t 935.0 16
m 1 9
1 12 5
2 7 3
3 13 4
t 934.0 16
m 1 9
1 12 6
2 7 2
3 13 4
t 933.0 16
m 2 9
1 12 6
2 7 2
3 12 4
t 932.0 16
m 2 9
1 12 6
2 7 2
3 13 4
t 931.0 16
m 2 10
1 12 6
2 7 2
3 13 4
t 930.0 16
m 2 10
1 12 6
2 7 2
3 12 4
t 929.0 16
m 2 10
1 12 6
2 7 1
3 12 4
t 928.0 16
m 2 10
1 12 5
2 7 1
3 12 5
t 927.0 16
m 2 10
1 13 5
2 7 2
3 12 4
t 926.0 16
m 2 9
1 13 5
2 7 3
3 13 4
t 925.0 16
m 2 10
1 13 5
2 7 3
3 13 5
t 924.0 16
m 2 10
1 13 5
2 7 3
3 12 5
t 923.0 16
m 2 9
1 13 5
2 7 3
3 12 4
t 922.0 16
m 1 9
1 13 5
2 7 3
3 12 5
t 921.0 16
m 0 9
1 13 4
2 8 3
3 12 4
t 920.0 16
m 0 9
1 13 4
2 8 3
3 12 5
t 919.0 16
m 1 9
1 13 4
2 7 3
3 12 6
t 918.0 16
m 1 9
1 13 4
2 7 2
3 12 6
t 917.0 16
m 0 9
1 13 4
2 7 2
3 12 6
t 916.0 16
m 0 10
1 13 4
2 7 3
3 12 5
t 915.0 16
m 0 10
1 13 4
2 8 3
3 11 5
t 914.0 16
m 0 10
1 13 4
2 8 3
3 11 4
t 913.0 16
m 0 10
1 13 4
2 7 3
3 12 4
t 912.0 16
m 0 10
1 13 4
2 8 3
3 12 5
t 911.0 16
m 0 10
1 13 4
2 7 3
3 11 5
t 910.0 16
m 0 10
1 13 5
2 7 3
3 11 5
t 909.0 16
m 0 9
1 12 5
2 7 3
3 12 5
t 908.0 16
m 0 8
1 13 5
2 7 3
3 13 5
t 907.0 16
m 0 8
1 13 4
2 8 3
3 13 4
t 906.0 16
m 0 8
1 13 4
2 7 3
3 13 5
t 905.0 16
m 0 9
1 13 5
2 7 2
3 13 5
t 904.0 16
m 0 9
1 12 5
2 7 3
3 13 5
t 903.0 16
m 0 10
1 12 4
2 8 3
3 13 5
t 902.0 16
m 0 10
1 12 5
2 8 3
3 13 4
t 901.0 16
m 0 10
1 12 4
2 7 3
3 13 4
t 900.0 16
m 0 10
1 11 4
2 7 2
3 12 4
t 899.0 16
m 0 10
1 10 4
2 7 2
3 12 5
t 898.0 16
m 0 10
1 11 4
2 7 1
3 12 6
t 897.0 16
m 0 10
1 10 4
2 7 1
3 12 5
t 896.0 16
m 0 9
1 9 4
2 7 2
3 12 4
t 895.0 16
m 0 9
1 9 4
2 7 1
3 12 4
t 894.0 16
m 0 8
1 9 4
2 7 1
3 12 4
t 893.0 16
m 0 8
1 9 5
2 8 1
3 11 4
t 892.0 16
m 0 8
1 9 6
2 9 1
3 10 4
t 891.0 16
m 0 8
1 9 7
2 9 0
3 11 4
t 890.0 16
m 0 8
1 9 8
2 9 1
3 10 4
t 889.0 16
m 0 9
1 8 8
2 8 1
3 10 3
t 888.0 16
m 0 8
1 9 8
2 9 1
3 10 4
t 887.0 16
m 0 9
1 9 7
2 9 2
3 9 4
t 886.0 16
m 1 9
1 8 7
2 9 2
3 10 4
t 885.0 16
m 1 9
1 9 7
2 10 2
3 11 4
t 884.0 16
m 1 9
1 9 6
2 10 3
3 11 5
t 883.0 16
m 0 9
1 9 5
2 10 2
3 11 4
t 882.0 16
m 0 9
1 9 6
2 11 2
3 11 4
t 881.0 16
m 1 9
1 9 5
2 11 2
3 11 4
t 880.0 16
m 1 9
1 9 5
2 10 2
3 11 5
t 879.0 16
m 1 9
1 9 4
2 10 3
3 12 5
t 878.0 16
m 1 9
1 9 5
2 10 4
3 11 5
t 877.0 16
m 1 9
1 9 6
2 9 4
3 12 5
t 876.0 16
m 1 9
1 9 7
2 9 4
3 11 5
t 875.0 16
m 2 9
1 9 8
2 9 4
3 11 5
t 874.0 16
m 2 9
1 8 8
2 9 5
3 11 4
t 873.0 16
m 2 9
1 8 8
2 9 5
3 11 5
t 872.0 16
m 2 8
1 8 9
2 9 5
3 11 5
t 871.0 16
m 2 9
1 7 9
2 9 5
3 12 5
t 870.0 16
m 2 9
1 7 10
2 9 5
3 12 6
t 869.0 16
m 2 9
1 7 10
2 9 6
3 11 6
t 868.0 16
m 3 9
1 8 10
2 10 6
3 11 5
t 867.0 16
m 4 9
1 8 9
2 10 6
3 11 6
t 866.0 16
m 3 9
1 7 9
2 9 6
3 11 7
t 865.0 16
m 4 9
1 7 10
2 9 6
3 11 6
t 864.0 16
m 3 9
1 7 10
2 9 5
3 11 7
t 863.0 16
m 3 8
1 7 9
2 9 6
3 11 6
t 862.0 16
m 3 9
1 7 10
2 9 7
3 11 5
t 861.0 16
m 2 9
1 7 10
2 9 8
3 11 6
t 860.0 16
m 3 9
1 7 10
2 9 8
3 12 6
t 859.0 16
m 4 9
1 7 9
2 9 8
3 12 6
t 858.0 16
m 3 9
1 7 9
2 9 8
3 11 6
t 857.0 16
m 2 9
1 7 9
2 8 8
3 11 5
t 856.0 16
m 1 9
1 7 9
2 8 7
3 11 6
t 855.0 16
m 1 9
1 7 10
2 8 8
3 12 6
t 854.0 16
m 1 9
1 8 10
2 9 8
3 12 6
t 853.0 16
m 1 9
1 7 10
2 9 8
3 12 6
t 852.0 16
m 2 9
1 7 10
2 9 8
3 11 6
t 851.0 16
m 1 9
1 7 10
2 8 8
3 12 6
t 850.0 16
m 1 9
1 7 9
2 8 8
3 12 6
t 849.0 16
m 2 9
1 8 9
2 8 7
3 11 6
t 848.0 16
m 2 10
1 8 9
2 8 7
3 12 6
t 847.0 16
m 2 9
1 7 9
2 8 8
3 12 6
t 846.0 16
m 2 9
1 7 9
2 8 9
3 12 5
t 845.0 16
m 2 10
1 7 10
2 8 8
3 12 4
t 844.0 16
m 2 10
1 8 10
2 8 7
3 12 4
t 843.0 16
m 2 11
1 9 10
2 9 7
3 12 4
t 842.0 16
m 2 11
1 8 10
2 9 8
3 12 5
t 841.0 16
m 3 11
1 8 11
2 8 8
3 12 6
t 840.0 16
m 4 11
1 8 11
2 8 9
3 12 6
t 839.0 16
m 4 12
1 9 11
2 8 8
3 11 6
t 838.0 16
m 4 13
1 9 10
2 8 9
3 12 6
t 837.0 16
m 3 13
1 8 10
2 8 9
3 12 6
t 836.0 16
m 3 13
1 7 10
2 8 8
3 11 6
t 835.0 16
m 4 13
1 8 10
2 8 8
3 11 5
t 834.0 16
m 4 12
1 7 10
2 9 8
3 11 6
t 833.0 16
m 3 12
1 7 10
2 9 7
3 11 7
t 832.0 16
m 3 13
1 8 10
2 9 7
3 11 6
t 831.0 16
m 3 14
1 9 10
2 8 7
3 11 7
t 830.0 16
m 3 14
1 8 10
2 8 7
3 11 6
t 829.0 16
m 3 14
1 8 9
2 8 8
3 12 6
t 828.0 16
m 3 13
1 8 10
2 8 9
3 12 6
t 827.0 16
m 3 12
1 9 10
2 8 8
3 12 6
t 826.0 16
m 3 12
1 9 11
2 8 7
3 12 5
t 825.0 16
m 3 12
1 9 11
2 7 7
3 13 5
t 824.0 16
m 3 12
1 9 11
2 6 7
3 13 4
t 823.0 16
m 3 13
1 9 11
2 7 7
3 12 4
t 822.0 16
m 3 12
1 8 11
2 6 7
3 11 4
t 821.0 16
m 2 12
1 8 12
2 6 8
3 10 4
t 820.0 16
m 2 11
1 8 12
2 6 8
3 10 3
t 819.0 16
m 2 10
1 7 12
2 6 8
3 10 3
t 818.0 16
m 2 10
1 7 13
2 6 8
3 10 3
t 817.0 16
m 2 10
1 7 12
2 6 7
3 10 4
t 816.0 16
m 2 10
1 7 12
2 6 6
3 10 3
t 815.0 16
m 2 10
1 8 12
2 6 6
3 10 4
t 814.0 16
m 2 10
1 7 12
2 6 6
3 10 3
t 813.0 16
m 2 9
1 7 12
2 6 6
3 10 3
t 812.0 16
m 2 10
1 8 12
2 6 7
3 10 3
t 811.0 16
m 2 10
1 8 11
2 6 8
3 10 2
t 810.0 16
m 2 10
1 9 11
2 6 7
3 11 2
t 809.0 16
m 2 10
1 9 11
2 6 8
3 11 2
t 808.0 16
m 2 10
1 9 10
2 6 7
3 10 2
t 807.0 16
m 2 10
1 10 10
2 5 7
3 11 2
t 806.0 16
m 2 10
1 10 10
2 5 7
3 11 2
t 805.0 16
m 2 10
1 10 10
2 6 7
3 10 2
t 804.0 16
m 2 10
1 10 10
2 6 8
3 11 2
t 803.0 16
m 2 9
1 10 10
2 6 8
3 10 2
t 802.0 16
m 3 9
1 9 10
2 6 8
3 10 3
t 801.0 16
m 4 9
1 10 10
2 6 8
3 10 3
t 800.0 16
m 4 9
1 9 10
2 6 8
3 10 3
t 799.0 16
m 3 9
1 10 10
2 6 7
3 10 4
t 798.0 16
m 3 9
1 9 10
2 6 8
3 9 4
t 797.0 16
m 3 8
1 9 11
2 6 8
3 9 5
t 796.0 16
m 3 8
1 9 10
2 6 8
3 9 6
t 795.0 16
m 3 8
1 9 10
2 6 8
3 9 7
t 794.0 16
m 3 8
1 9 10
2 6 7
3 8 7
t 793.0 16
m 2 8
1 10 10
2 7 7
3 9 7
t 792.0 16
m 2 8
1 10 10
2 7 7
3 8 7
t 791.0 16
m 2 8
1 10 10
2 7 7
3 8 8
t 790.0 16
m 3 8
1 10 10
2 8 7
3 9 8
t 789.0 16
m 2 8
1 10 10
2 9 7
3 8 8
t 788.0 16
m 2 7
1 9 10
2 9 6
3 8 7
t 787.0 16
m 2 7
1 8 10
2 9 5
3 9 7
t 786.0 16
m 1 7
1 8 9
2 9 5
3 9 8
t 785.0 16
m 1 7
1 8 10
2 9 5
3 8 8
t 784.0 16
m 1 7
1 9 10
2 9 6
3 9 8
t 783.0 16
m 1 7
1 10 10
2 10 6
3 9 7
t 782.0 16
m 1 7
1 10 10
2 9 6
3 9 8
t 781.0 16
m 1 7
1 9 10
2 9 6
3 9 8
t 780.0 16
m 1 7
1 9 10
2 9 7
3 8 8
t 779.0 16
m 2 7
1 9 11
2 8 7
3 8 8
t 778.0 16
m 2 7
1 9 11
2 9 7
3 8 9
t 777.0 16
m 2 7
1 9 11
2 9 8
3 8 9
t 776.0 16
m 2 6
1 9 11
2 9 8
3 8 9
t 775.0 16
m 2 7
1 9 11
2 8 8
3 8 10
t 774.0 16
m 2 7
1 9 10
2 8 7
3 8 11
t 773.0 16
m 2 7
1 9 11
2 8 8
3 8 12
t 772.0 16
m 2 7
1 9 11
2 8 7
3 8 12
t 771.0 16
m 2 6
1 9 11
2 8 7
3 8 11
t 770.0 16
m 2 6
1 8 11
2 8 8
3 8 12
t 769.0 16
m 2 7
1 8 11
2 8 7
3 8 12
t 768.0 16
m 2 7
1 8 12
2 7 7
3 8 11
t 767.0 16
m 2 8
1 8 12
2 7 7
3 9 11
t 766.0 16
m 2 8
1 7 12
2 6 7
3 9 11
t 765.0 16
m 2 8
1 7 12
2 5 7
3 8 11
t 764.0 16
m 2 8
1 7 13
2 6 7
3 8 12
t 763.0 16
m 2 8
1 7 14
2 5 7
3 7 12
t 762.0 16
m 2 8
1 8 14
2 5 7
3 8 12
t 761.0 16
m 2 9
1 9 14
2 5 7
3 7 12
t 760.0 16
m 3 9
1 9 14
2 5 6
3 7 12
t 759.0 16
m 3 9
1 8 14
2 5 7
3 7 12
t 758.0 16
m 4 9
1 8 14
2 6 7
3 7 12
t 757.0 16
m 4 9
1 7 14
2 5 7
3 8 12
t 756.0 16
m 3 9
1 7 14
2 5 6
3 7 12
t 755.0 16
m 2 9
1 7 14
2 5 5
3 7 12
t 754.0 16
m 2 9
1 7 14
2 4 5
3 7 12
t 753.0 16
m 2 8
1 8 14
2 4 5
3 8 12
t 752.0 16
m 2 9
1 7 14
2 5 5
3 8 12
t 751.0 16
m 3 9
1 7 14
2 5 4
3 7 12
t 750.0 16
m 3 8
1 7 13
2 5 4
3 7 13
t 749.0 16
m 3 8
1 7 13
2 5 4
3 7 13
t 748.0 16
m 3 8
1 7 14
2 5 5
3 7 13
t 747.0 16
m 3 8
1 7 14
2 4 5
3 7 12
t 746.0 16
m 3 9
1 7 13
2 4 5
3 7 13
t 745.0 16
m 3 8
1 7 14
2 5 5
3 7 14
t 744.0 16
m 3 9
1 7 14
2 4 5
3 7 14
t 743.0 16
m 4 9
1 8 14
2 4 5
3 7 13
t 742.0 16
m 4 9
1 8 14
2 4 5
3 7 13
t 741.0 16
m 4 9
1 7 14
2 4 5
3 7 14
t 740.0 16
m 4 10
1 7 14
2 4 5
3 7 14
t 739.0 16
m 4 9
1 7 14
2 4 5
3 8 14
t 738.0 16
m 4 9
1 7 14
2 5 5
3 8 14
t 737.0 16
m 4 9
1 8 14
2 5 4
3 8 14
t 736.0 16
m 4 10
1 7 14
2 5 5
3 8 14
t 735.0 16
m 4 9
1 7 13
2 4 5
3 8 14
t 734.0 16
m 4 9
1 7 13
2 4 5
3 8 14
t 733.0 16
m 4 9
1 7 13
2 4 5
3 7 14
t 732.0 16
m 4 9
1 7 13
2 4 5
3 7 14
t 731.0 16
m 4 9
1 7 13
2 4 5
3 7 13
t 730.0 16
m 4 9
1 7 14
2 4 5
3 7 14
t 729.0 16
m 4 10
1 7 13
2 4 5
3 8 14
t 728.0 16
m 4 10
1 7 12
2 4 5
3 8 14
t 727.0 16
m 4 11
1 8 12
2 4 5
3 7 14
t 726.0 16
m 4 10
1 8 12
2 5 5
3 7 13
t 725.0 16
m 4 11
1 8 12
2 5 4
3 7 12
t 724.0 16
m 4 10
1 8 12
2 5 5
3 7 13
t 723.0 16
m 5 10
1 8 11
2 5 6
3 7 13
t 722.0 16
m 5 10
1 8 11
2 5 5
3 7 12
t 721.0 16
m 5 10
1 8 11
2 5 4
3 8 12
t 720.0 16
m 5 11
1 9 11
2 6 4
3 7 12
t 719.0 16
m 5 10
1 9 10
2 6 4
3 8 12
t 718.0 16
m 5 10
1 10 10
2 6 4
3 8 11
t 717.0 16
m 5 10
1 10 10
2 6 4
3 8 11
t 716.0 16
m 5 10
1 10 10
2 6 4
3 8 11
t 715.0 16
m 5 10
1 10 10
2 6 5
3 8 12
t 714.0 16
m 5 10
1 10 10
2 6 4
3 8 12
t 713.0 16
m 5 10
1 10 10
2 6 4
3 8 12
t 712.0 16
m 5 10
1 10 10
2 6 4
3 8 11
t 711.0 16
m 4 10
1 10 10
2 6 5
3 9 11
t 710.0 16
m 4 11
1 10 10
2 6 5
3 9 11
t 709.0 16
m 4 11
1 9 10
2 5 5
3 9 11
t 708.0 16
m 3 11
1 9 11
2 5 4
3 9 11
t 707.0 16
m 2 11
1 9 11
2 5 3
3 8 11
t 706.0 16
m 2 10
1 9 11
2 5 4
3 8 11
t 705.0 16
m 2 10
1 8 11
2 6 4
3 8 12
t 704.0 16
m 2 9
1 8 11
2 6 4
3 7 12
t 703.0 16
m 2 8
1 8 11
2 6 5
3 8 12
t 702.0 16
m 3 8
1 9 11
2 6 6
3 8 12
t 701.0 16
m 3 9
1 9 10
2 6 5
3 8 12
t 700.0 16
m 4 9
1 9 11
2 6 4
3 8 12
t 699.0 16
m 4 9
1 9 11
2 6 4
3 7 12
t 698.0 16
m 4 9
1 9 10
2 6 5
3 7 13
t 697.0 16
m 4 9
1 9 11
2 6 5
3 7 14
t 696.0 16
m 3 9
1 9 10
2 6 4
3 7 14
t 695.0 16
m 3 9
1 9 11
2 6 4
3 7 14
t 694.0 16
m 4 9
1 8 11
2 6 5
3 7 14
t 693.0 16
m 3 9
1 8 10
2 6 4
3 8 14
t 692.0 16
m 4 9
1 7 10
2 6 4
3 9 14
t 691.0 16
m 4 9
1 7 10
2 6 5
3 8 14
t 690.0 16
m 3 9
1 7 10
2 6 4
3 9 14
t 689.0 16
m 3 8
1 7 10
2 6 5
3 9 14
t 688.0 16
m 3 9
1 7 10
2 6 6
3 9 14
t 687.0 16
m 3 9
1 7 9
2 6 6
3 9 14
t 686.0 16
m 2 9
1 8 9
2 6 7
3 10 14
t 685.0 16
m 3 9
1 8 9
2 6 6
3 10 14
t 684.0 16
m 2 9
1 8 9
2 5 6
3 11 14
t 683.0 16
m 2 8
1 8 10
2 5 6
3 10 14
t 682.0 16
m 2 8
1 9 10
2 6 6
3 10 14
t 681.0 16
m 3 8
1 8 10
2 6 6
3 10 14
t 680.0 16
m 3 8
1 9 10
2 6 5
3 10 14
t 679.0 16
m 3 8
1 8 10
2 5 5
3 10 14
t 678.0 16
m 3 8
1 9 10
2 6 5
3 10 14
t 677.0 16
m 2 8
1 8 10
2 6 4
3 9 14
t 676.0 16
m 2 9
1 7 10
2 6 4
3 8 14
t 675.0 16
m 3 9
1 7 9
2 6 5
3 8 14
t 674.0 16
m 3 9
1 7 9
2 6 6
3 7 14
t 673.0 16
m 3 9
1 8 9
2 6 5
3 8 14
t 672.0 16
m 3 8
1 8 9
2 6 4
3 7 14
t 671.0 16
m 3 9
1 7 9
2 5 4
3 8 14
t 670.0 16
m 3 8
1 7 10
2 6 4
3 8 14
t 669.0 16
m 3 8
1 7 9
2 6 4
3 8 14
t 668.0 16
m 3 9
1 8 9
2 5 4
3 8 14
t 667.0 16
m 4 9
1 7 9
2 5 4
3 9 14
t 666.0 16
m 4 9
1 8 9
2 5 5
3 9 14
t 665.0 16
m 4 9
1 8 10
2 6 5
3 10 14
t 664.0 16
m 4 9
1 7 10
2 6 6
3 11 14
t 663.0 16
m 4 9
1 7 9
2 6 7
3 11 14
t 662.0 16
m 4 9
1 7 9
2 7 7
3 10 14
t 661.0 16
m 4 10
1 8 9
2 6 7
3 11 14
t 660.0 16
m 4 9
1 7 9
2 5 7
3 11 13
t 659.0 16
m 4 9
1 7 9
2 5 7
3 11 13
t 658.0 16
m 4 10
1 8 9
2 6 7
3 11 13
t 657.0 16
m 4 10
1 8 9
2 7 7
3 11 13
t 656.0 16
m 5 10
1 7 9
2 7 7
3 11 13
t 655.0 16
m 5 10
1 7 9
2 7 7
3 11 13
t 654.0 16
m 5 11
1 7 9
2 7 7
3 11 14
t 653.0 16
m 5 11
1 7 9
2 7 7
3 11 13
t 652.0 16
m 5 11
1 7 10
2 8 7
3 11 13
t 651.0 16
m 5 11
1 7 9
2 7 7
3 11 12
t 650.0 16
m 5 10
1 7 9
2 8 7
3 11 13
t 649.0 16
m 5 10
1 7 9
2 8 8
3 11 14
t 648.0 16
m 5 10
1 7 10
2 8 9
3 11 13
t 647.0 16
m 5 10
1 8 10
2 7 9
3 11 13
t 646.0 16
m 5 10
1 8 9
2 7 9
3 11 12
t 645.0 16
m 4 10
1 8 10
2 7 10
3 10 12
t 644.0 16
m 4 11
1 8 9
2 8 10
3 10 12
t 643.0 16
m 5 11
1 8 9
2 7 10
3 10 12
t 642.0 16
m 5 11
1 7 9
2 7 9
3 10 12
t 641.0 16
m 4 11
1 7 9
2 7 9
3 10 12
t 640.0 16
m 4 10
1 7 9
2 7 9
3 10 12
t 639.0 16
m 4 9
1 7 9
2 7 9
3 10 12
t 638.0 16
m 4 9
1 8 9
2 7 9
3 10 12
t 637.0 16
m 4 9
1 8 8
2 7 9
3 10 12
t 636.0 16
m 4 10
1 8 7
2 8 9
3 11 12
t 635.0 16
m 4 11
1 8 7
2 7 9
3 10 12
t 634.0 16
m 5 11
1 8 7
2 7 9
3 11 12
t 633.0 16
m 5 10
1 8 8
2 8 9
3 11 11
t 632.0 16
m 5 10
1 9 8
2 8 10
3 11 11
t 631.0 16
m 5 10
1 9 8
2 9 10
3 11 12
t 630.0 16
m 4 10
1 8 8
2 10 10
3 11 11
t 629.0 16
m 4 11
1 8 9
2 10 10
3 11 12
t 628.0 16
m 4 12
1 8 8
2 10 10
3 10 12
t 627.0 16
m 3 12
1 9 8
2 10 10
3 11 12
t 626.0 16
m 4 12
1 9 8
2 10 10
3 11 11
t 625.0 16
m 3 12
1 8 8
2 9 10
3 11 12
t 624.0 16
m 4 12
1 8 8
2 10 10
3 10 12
t 623.0 16
m 4 11
1 8 8
2 10 10
3 10 12
t 622.0 16
m 4 10
1 8 7
2 10 10
3 10 12
t 621.0 16
m 4 9
1 8 8
2 9 10
3 10 12
t 620.0 16
m 4 9
1 8 8
2 8 10
3 10 12
t 619.0 16
m 4 9
1 9 8
2 9 10
3 10 12
t 618.0 16
m 3 9
1 9 8
2 10 10
3 11 12
t 617.0 16
m 3 9
1 8 8
2 10 10
3 11 11
t 616.0 16
m 4 9
1 9 8
2 10 10
3 11 11
t 615.0 16
m 4 9
1 9 7
2 10 10
3 11 11
t 614.0 16
m 4 9
1 9 6
2 10 10
3 11 12
t 613.0 16
m 4 9
1 9 6
2 10 10
3 11 13
t 612.0 16
m 4 9
1 9 6
2 10 10
3 11 13
t 611.0 16
m 4 9
1 10 6
2 10 10
3 11 13
t 610.0 16
m 4 9
1 11 6
2 10 10
3 11 13
t 609.0 16
m 4 9
1 11 5
2 9 10
3 11 13
t 608.0 16
m 4 9
1 11 5
2 10 10
3 11 13
t 607.0 16
m 3 9
1 11 5
2 9 10
3 11 13
t 606.0 16
m 3 9
1 11 6
2 9 11
3 11 13
t 605.0 16
m 2 9
1 11 5
2 9 11
3 11 13
t 604.0 16
m 2 8
1 12 5
2 9 10
3 11 12
t 603.0 16
m 2 9
1 12 6
2 9 10
3 11 13
t 602.0 16
m 2 9
1 12 6
2 10 10
3 11 14
t 601.0 16
m 2 8
1 12 5
2 10 10
3 11 14
t 600.0 16
m 2 8
1 12 4
2 10 10
3 10 14
t 599.0 16
m 2 8
1 11 4
2 10 10
3 10 14
t 598.0 16
m 2 8
1 11 4
2 9 10
3 9 14
t 597.0 16
m 2 8
1 10 4
2 10 10
3 8 14
t 596.0 16
m 2 7
1 10 3
2 10 10
3 8 14
t 595.0 16
m 2 7
1 10 2
2 10 10
3 9 14
t 594.0 16
m 2 6
1 9 2
2 9 10
3 9 14
t 593.0 16
m 2 6
1 10 2
2 8 10
3 10 14
t 592.0 16
m 2 6
1 11 2
2 9 10
3 10 14
t 591.0 16
m 2 7
1 10 2
2 9 11
3 10 14
t 590.0 16
m 2 6
1 10 2
2 9 11
3 9 14
t 589.0 16
m 2 5
1 10 3
2 8 11
3 9 14
t 588.0 16
m 1 5
1 10 4
2 8 12
3 9 14
t 587.0 16
m 1 4
1 10 3
2 8 12
3 8 14
t 586.0 20
m 1 3
1 10 3
2 7 12
3 8 14
t 585.0 20
m 1 4
1 10 2
2 7 13
3 7 14
t 584.0 20
m 0 4
1 11 2
2 7 12
3 7 13
t 583.0 20
m 0 5
1 11 2
2 8 12
3 7 14
t 582.0 20
m 1 5
1 11 2
2 8 12
3 7 13
t 581.0 20
m 1 5
1 11 2
2 7 12
3 7 13
t 580.0 20
m 1 5
1 11 2
2 7 13
3 7 13
t 579.0 20
m 1 5
1 10 2
2 7 13
3 7 13
t 578.0 20
m 0 5
1 11 2
2 7 14
3 7 13
t 577.0 20
m 0 5
1 11 2
2 7 13
3 7 12
t 576.0 20
m 0 5
1 11 2
2 7 12
3 8 12
t 575.0 20
m 0 6
1 10 2
2 7 12
3 8 12
t 574.0 20
m 0 6
1 10 2
2 8 12
3 7 12
t 573.0 20
m 0 6
1 10 3
2 8 12
3 7 12
t 572.0 20
m 0 6
1 10 3
2 8 11
3 7 13
t 571.0 20
m 0 6
1 10 3
2 8 10
3 7 14
t 570.0 20
m 0 6
1 10 4
2 7 10
3 7 14
t 569.0 20
m 0 6
1 10 3
2 8 10
3 7 14
t 568.0 20
m 0 6
1 10 3
2 7 10
3 8 14
t 567.0 20
m 0 5
1 10 2
2 7 10
3 8 14
t 566.0 20
m 0 4
1 11 2
2 8 10
3 8 14
t 565.0 20
m 0 4
1 10 2
2 8 11
3 9 14
t 564.0 20
m 0 4
1 10 3
2 8 12
3 9 14
t 563.0 20
m 0 5
1 10 4
2 8 12
3 8 14
t 562.0 20
m 0 5
1 9 4
2 8 11
3 8 14
t 561.0 20
m 0 6
1 9 5
2 8 10
3 8 14
t 560.0 20
m 0 6
1 9 6
2 9 10
3 7 14
t 559.0 20
m 0 6
1 9 6
2 10 10
3 7 13
t 558.0 20
m 0 6
1 10 6
2 9 10
3 7 13
t 557.0 20
m 0 5
1 10 6
2 9 11
3 7 12
t 556.0 20
m 0 5
1 10 6
2 9 11
3 8 12
t 555.0 20
m 0 5
1 11 6
2 9 11
3 8 12
t 554.0 20
m 1 5
1 10 6
2 9 10
3 8 12
t 553.0 20
m 1 5
1 11 6
2 9 10
3 7 12
t 552.0 20
m 1 5
1 12 6
2 8 10
3 7 12
t 551.0 20
m 1 5
1 12 6
2 8 9
3 7 13
t 550.0 20
m 2 5
1 12 5
2 8 10
3 7 13
t 549.0 20
m 1 5
1 12 6
2 9 10
3 7 13
t 548.0 20
m 2 5
1 12 6
2 8 10
3 7 12
t 547.0 20
m 2 6
1 12 6
2 8 11
3 8 12
t 546.0 20
m 2 6
1 12 6
2 8 12
3 7 12
t 545.0 20
m 2 6
1 12 5
2 8 12
3 8 12
t 544.0 20
m 3 6
1 11 5
2 8 12
3 7 12
t 543.0 20
m 3 6
1 12 5
2 8 11
3 7 12
t 542.0 20
m 2 6
1 11 5
2 8 10
3 8 12
t 541.0 20
m 3 6
1 11 5
2 8 9
3 8 12
t 540.0 20
m 3 6
1 11 5
2 7 9
3 8 11
t 539.0 20
m 2 6
1 12 5
2 7 10
3 9 11
t 538.0 20
m 2 6
1 13 5
2 7 9
3 8 11
t 537.0 20
m 2 5
1 13 5
2 7 9
3 8 11
t 536.0 20
m 2 5
1 13 5
2 7 10
3 9 11
t 535.0 20
m 2 5
1 12 5
2 7 9
3 9 11
t 534.0 20
m 2 6
1 11 5
2 7 9
3 9 11
t 533.0 20
m 2 6
1 11 5
2 7 9
3 8 11
t 532.0 20
m 3 6
1 11 5
2 7 9
3 8 11
t 531.0 20
m 2 6
1 11 4
2 7 9
3 8 11
t 530.0 20
m 2 6
1 11 4
2 8 9
3 8 11
t 529.0 20
m 2 6
1 12 4
2 7 9
3 8 12
t 528.0 20
m 2 6
1 12 4
2 8 9
3 8 12
t 527.0 20
m 2 6
1 12 4
2 8 9
3 8 12
t 526.0 20
m 3 6
1 12 4
2 8 8
3 7 12
t 525.0 20
m 3 6
1 11 4
2 9 8
3 7 12
t 524.0 20
m 3 6
1 12 4
2 9 8
3 8 12
t 523.0 20
m 3 6
1 13 4
2 9 8
3 8 11
t 522.0 20
m 2 6
1 13 4
2 9 7
3 9 11
t 521.0 20
m 3 6
1 12 4
2 9 8
3 9 11
t 520.0 20
m 3 6
1 11 4
2 9 8
3 8 11
t 519.0 20
m 3 6
1 10 4
2 9 8
3 8 11
t 518.0 20
m 3 6
1 10 3
2 9 8
3 8 10
t 517.0 20
m 3 6
1 10 4
2 8 8
3 9 10
t 516.0 20
m 2 6
1 10 3
2 8 8
3 8 10
t 515.0 20
m 2 6
1 10 4
2 8 9
3 7 10
t 514.0 20
m 2 6
1 10 4
2 7 9
3 7 9
t 513.0 20
m 3 6
1 9 4
2 8 9
3 7 9
t 512.0 20
m 3 6
1 10 4
2 8 9
3 7 9
t 511.0 20
m 3 6
1 10 3
2 7 9
3 7 9
t 510.0 20
m 3 6
1 10 4
2 7 9
3 7 10
t 509.0 20
m 3 6
1 10 4
2 7 10
3 7 9
t 508.0 20
m 3 6
1 9 4
2 7 10
3 7 10
t 507.0 20
m 2 6
1 10 4
2 7 10
3 7 10
t 506.0 20
m 2 7
1 10 3
2 7 9
3 7 9
t 505.0 20
m 2 8
1 10 2
2 7 9
3 8 9
t 504.0 20
m 2 8
1 10 3
2 8 9
3 8 8
t 503.0 20
m 2 8
1 10 3
2 7 9
3 9 8
t 502.0 20
m 2 8
1 10 3
2 7 9
3 9 7
t 501.0 20
m 2 8
1 10 2
2 7 9
3 9 6
t 500.0 20
m 2 8
1 10 2
2 7 10
3 10 6
t 499.0 20
m 2 8
1 9 2
2 7 10
3 10 6
t 498.0 20
m 2 9
1 9 2
2 7 10
3 10 6
t 497.0 20
m 2 10
1 10 2
2 7 10
3 10 6
t 496.0 20
m 2 9
1 10 3
2 7 10
3 11 6
t 495.0 20
m 2 8
1 10 3
2 7 9
3 10 6
t 494.0 20
m 3 8
1 10 3
2 7 10
3 11 6
t 493.0 20
m 3 8
1 10 2
2 7 10
3 12 6
t 492.0 20
m 3 8
1 11 2
2 7 10
3 12 6
t 491.0 20
m 2 8
1 11 2
2 7 10
3 12 6
t 490.0 20
m 2 9
1 11 2
2 7 10
3 11 6
t 489.0 20
m 2 10
1 11 2
2 7 10
3 11 5
t 488.0 20
m 2 9
1 11 2
2 7 10
3 11 4
t 487.0 20
m 1 9
1 10 2
2 7 10
3 12 4
t 486.0 20
m 1 9
1 9 2
2 7 10
3 12 5
t 485.0 20
m 0 9
1 9 2
2 7 9
3 12 4
t 484.0 20
m 0 10
1 10 2
2 7 9
3 12 5
t 483.0 20
m 0 10
1 11 2
2 7 10
3 13 5
t 482.0 20
m 0 10
1 10 2
2 8 10
3 13 5
t 481.0 20
m 0 10
1 10 2
2 7 10
3 13 5
t 480.0 20
m 0 10
1 10 2
2 7 9
3 13 4
t 479.0 20
m 0 10
1 11 2
2 8 9
3 13 5
t 478.0 20
m 0 10
1 11 2
2 7 9
3 13 5
t 477.0 20
m 0 10
1 11 2
2 7 9
3 12 5
t 476.0 20
m 0 10
1 11 2
2 8 9
3 13 5
t 475.0 20
m 0 10
1 11 2
2 8 8
3 13 5
t 474.0 20
m 0 10
1 11 2
2 8 9
3 13 5
t 473.0 20
m 0 10
1 10 2
2 8 8
3 13 4
t 472.0 20
m 0 9
1 9 2
2 9 8
3 12 4
t 471.0 20
m 0 9
1 9 2
2 8 8
3 13 4
t 470.0 20
m 0 9
1 9 2
2 8 8
3 12 4
t 469.0 20
m 0 8
1 9 2
2 8 8
3 12 5
t 468.0 20
m 0 9
1 10 2
2 8 7
3 12 4
t 467.0 20
m 1 9
1 11 2
2 7 7
3 12 4
t 466.0 20
m 0 9
1 11 2
2 7 7
3 13 4
t 465.0 20
m 0 9
1 11 2
2 6 7
3 13 4
t 464.0 20
m 1 9
1 10 2
2 5 7
3 12 4
t 463.0 20
m 2 9
1 11 2
2 5 7
3 13 4
t 462.0 20
m 2 9
1 11 2
2 5 7
3 12 4
t 461.0 20
m 2 10
1 10 2
2 5 6
3 11 4
t 460.0 20
m 2 9
1 10 2
2 5 5
3 11 5
t 459.0 20
m 2 9
1 9 2
2 4 5
3 12 5
t 458.0 20
m 2 9
1 9 1
2 5 5
3 13 5
t 457.0 20
m 3 9
1 8 1
2 4 5
3 12 5
t 456.0 20
m 4 9
1 8 1
2 4 5
3 11 5
t 455.0 20
m 4 10
1 7 1
2 4 5
3 11 6
t 454.0 20
m 4 11
1 8 1
2 5 5
3 11 7
t 453.0 20
m 4 11
1 8 1
2 6 5
3 11 7
t 452.0 20
m 4 12
1 9 1
2 5 5
3 11 8
t 451.0 20
m 4 12
1 8 1
2 6 5
3 11 8
t 450.0 20
m 4 12
1 8 1
2 6 5
3 12 8
t 449.0 20
m 3 12
1 8 1
2 5 5
3 11 8
t 448.0 20
m 3 11
1 8 1
2 6 5
3 12 8
t 447.0 20
m 4 11
1 9 1
2 6 4
3 12 8
t 446.0 20
m 4 10
1 9 2
2 6 4
3 12 8
t 445.0 20
m 5 10
1 9 2
2 6 4
3 11 8
t 444.0 20
m 4 10
1 9 2
2 6 4
3 11 8
t 443.0 20
m 4 11
1 9 2
2 6 4
3 11 8
t 442.0 20
m 3 11
1 9 1
2 6 5
3 11 9
t 441.0 20
m 3 11
1 8 1
2 6 5
3 11 9
t 440.0 20
m 4 11
1 7 1
2 6 4
3 11 9
t 439.0 20
m 4 12
1 7 2
2 6 4
3 11 9
t 438.0 20
m 4 13
1 7 1
2 6 4
3 11 8
t 437.0 20
m 4 13
1 7 1
2 5 4
3 12 8
t 436.0 20
m 4 13
1 8 1
2 5 5
3 12 8
t 435.0 20
m 3 13
1 9 1
2 6 5
3 11 8
t 434.0 20
m 4 13
1 9 2
2 6 4
3 11 9
t 433.0 20
m 4 14
1 9 2
2 5 4
3 11 8
t 432.0 20
m 4 14
1 9 2
2 5 5
3 11 8
t 431.0 20
m 3 14
1 9 2
2 5 6
3 11 7
t 430.0 20
m 3 14
1 9 2
2 5 7
3 11 7
t 429.0 20
m 2 14
1 9 1
2 5 7
3 11 7
t 428.0 20
m 2 14
1 9 2
2 5 7
3 11 8
t 427.0 20
m 2 14
1 10 2
2 5 7
3 11 9
t 426.0 20
m 2 14
1 11 2
2 6 7
3 11 8
t 425.0 20
m 2 14
1 11 2
2 7 7
3 11 8
t 424.0 20
m 2 14
1 11 2
2 7 7
3 11 7
t 423.0 20
m 3 14
1 11 2
2 6 7
3 11 7
t 422.0 20
m 3 13
1 10 2
2 7 7
3 11 8
t 421.0 20
m 3 13
1 11 2
2 6 7
3 11 9
t 420.0 20
m 3 13
1 11 2
2 6 6
3 11 9
t 419.0 20
m 3 13
1 11 2
2 6 7
3 11 9
t 418.0 20
m 3 12
1 11 2
2 6 8
3 11 9
t 417.0 20
m 3 11
1 10 2
2 6 7
3 11 9
t 416.0 20
m 4 11
1 10 3
2 6 8
3 11 9
t 415.0 20
m 5 11
1 10 3
2 6 8
3 11 9
t 414.0 20
m 5 10
1 10 3
2 6 8
3 11 8
t 413.0 20
m 4 10
1 10 3
2 6 7
3 12 8
t 412.0 20
m 4 10
1 10 2
2 5 7
3 11 8
t 411.0 20
m 5 10
1 10 2
2 6 7
3 11 8
t 410.0 20
m 4 10
1 10 3
2 6 6
3 11 8
t 409.0 20
m 4 9
1 10 3
2 5 6
3 11 7
t 408.0 20
m 4 9
1 10 2
2 6 6
3 11 7
t 407.0 20
m 4 9
1 9 2
2 6 5
3 11 8
t 406.0 20
m 4 9
1 10 2
2 6 4
3 11 9
t 405.0 20
m 4 9
1 10 3
2 6 4
3 11 9
t 404.0 20
m 4 9
1 10 4
2 6 4
3 11 9
t 403.0 20
m 4 9
1 10 3
2 5 4
3 11 8
t 402.0 20
m 4 9
1 10 3
2 5 4
3 11 9
t 401.0 20
m 4 9
1 10 4
2 5 5
3 11 9
t 400.0 20
m 4 9
1 10 4
2 5 4
3 11 9
t 399.0 20
m 4 9
1 10 3
2 5 5
3 11 9
t 398.0 20
m 4 9
1 10 3
2 4 5
3 11 9
t 397.0 20
m 4 9
1 10 3
2 4 5
3 11 9
t 396.0 20
m 4 9
1 10 3
2 5 5
3 11 9
t 395.0 20
m 3 9
1 10 3
2 6 5
3 11 9
t 394.0 20
m 3 8
1 10 3
2 6 4
3 11 9
t 393.0 20
m 3 8
1 10 4
2 5 4
3 11 8
t 392.0 20
m 3 8
1 9 4
2 5 5
3 11 7
t 391.0 20
m 3 8
1 9 4
2 5 6
3 11 7
t 390.0 20
m 3 8
1 9 4
2 5 5
3 11 7
t 389.0 20
m 3 8
1 9 4
2 6 5
3 11 6
t 388.0 20
m 3 8
1 9 4
2 6 5
3 11 7
t 387.0 20
m 3 8
1 9 4
2 5 5
3 11 7
t 386.0 20
m 3 8
1 9 4
2 6 5
3 11 7
t 385.0 20
m 3 8
1 9 4
2 5 5
3 11 7
t 384.0 20
m 3 8
1 9 4
2 4 5
3 11 7
t 383.0 20
m 3 8
1 9 5
2 4 5
3 11 6
t 382.0 20
m 2 8
1 9 6
2 5 5
3 11 7
t 381.0 20
m 2 8
1 9 7
2 6 5
3 11 6
t 380.0 20
m 2 8
1 8 7
2 6 6
3 12 6
t 379.0 20
m 3 8
1 7 7
2 6 6
3 12 6
t 378.0 20
m 3 8
1 8 7
2 5 6
3 12 5
t 377.0 20
m 3 9
1 8 8
2 5 7
3 12 6
t 376.0 20
m 3 9
1 8 8
2 5 6
3 11 6
t 375.0 20
m 2 9
1 9 8
2 5 5
3 11 5
t 374.0 20
m 3 9
1 9 7
2 5 4
3 11 6
t 373.0 20
m 4 9
1 9 6
2 6 4
3 11 5
t 372.0 20
m 4 9
1 9 7
2 5 4
3 11 4
t 371.0 20
m 4 10
1 9 6
2 5 3
3 11 4
t 370.0 20
m 4 10
1 9 5
2 5 4
3 10 4
t 369.0 20
m 4 10
1 9 6
2 5 5
3 10 3
t 368.0 20
m 4 10
1 9 5
2 6 5
3 10 3
t 367.0 20
m 5 10
1 9 4
2 6 6
3 10 4
t 366.0 20
m 4 10
1 10 4
2 6 5
3 10 4
t 365.0 20
m 4 11
1 10 3
2 6 5
3 9 4
t 364.0 20
m 4 10
1 10 3
2 6 5
3 9 4
t 363.0 20
m 5 10
1 10 3
2 6 4
3 9 4
t 362.0 20
m 5 10
1 10 2
2 6 5
3 9 4
t 361.0 20
m 5 11
1 11 2
2 5 5
3 9 5
t 360.0 20
m 4 11
1 10 2
2 6 5
3 9 6
t 359.0 20
m 5 11
1 11 2
2 6 4
3 9 6
t 358.0 20
m 5 11
1 11 2
2 6 5
3 9 6
t 357.0 20
m 4 11
1 11 2
2 5 5
3 10 6
t 356.0 20
m 4 12
1 11 2
2 4 5
3 9 6
t 355.0 20
m 4 13
1 11 2
2 4 5
3 9 5
t 354.0 20
m 3 13
1 11 2
2 4 5
3 9 5
t 353.0 20
m 3 12
1 11 2
2 4 5
3 9 5
t 352.0 20
m 3 11
1 11 2
2 5 5
3 9 4
t 351.0 20
m 3 12
1 10 2
2 5 6
3 10 4
t 350.0 20
m 3 11
1 9 2
2 5 7
3 10 3
t 349.0 20
m 3 11
1 10 2
2 5 7
3 10 3
t 348.0 20
m 4 11
1 9 2
2 6 7
3 10 4
t 347.0 20
m 4 11
1 9 2
2 6 8
3 9 4
t 346.0 20
m 4 12
1 10 2
2 6 8
3 9 4
t 345.0 20
m 4 11
1 10 3
2 6 8
3 9 5
t 344.0 20
m 4 12
1 10 3
2 6 8
3 9 6
t 343.0 20
m 4 11
1 10 3
2 6 8
3 9 7
t 342.0 20
m 5 11
1 10 2
2 6 8
3 9 8
t 341.0 20
m 4 11
1 10 3
2 6 8
3 8 8
t 340.0 20
m 4 11
1 10 3
2 6 7
3 8 7
t 339.0 20
m 4 12
1 10 3
2 6 6
3 7 7
t 338.0 20
m 3 12
1 10 3
2 6 5
3 6 7
t 337.0 20
m 3 12
1 10 2
2 6 6
3 6 8
t 336.0 20
m 4 12
1 10 3
2 5 6
3 6 8
t 335.0 20
m 4 13
1 10 2
2 5 5
3 6 8
t 334.0 20
m 4 12
1 10 2
2 5 4
3 6 8
t 333.0 20
m 4 12
1 11 2
2 6 4
3 6 7
t 332.0 20
m 4 12
1 10 2
2 5 4
3 6 8
t 331.0 20
m 4 12
1 10 2
2 6 4
3 6 7
t 330.0 20
m 4 12
1 11 2
2 6 4
3 7 7
t 329.0 20
m 4 11
1 11 2
2 6 4
3 6 7
t 328.0 20
m 4 11
1 11 2
2 6 4
3 7 7
t 327.0 20
m 4 12
1 11 2
2 6 4
3 6 7
t 326.0 20
m 3 12
1 11 2
2 6 4
3 7 7
t 325.0 20
m 2 12
1 11 2
2 6 4
3 6 7
t 324.0 20
m 2 12
1 10 2
2 6 5
3 5 7
t 323.0 20
m 2 12
1 10 2
2 6 6
3 5 6
t 322.0 20
m 2 12
1 10 3
2 6 5
3 6 6
t 321.0 20
m 2 12
1 10 3
2 6 4
3 6 5
t 320.0 20
m 2 12
1 10 3
2 6 4
3 6 6
t 319.0 20
m 2 12
1 10 3
2 6 5
3 6 5
t 318.0 20
m 2 12
1 10 3
2 6 5
3 6 5
t 317.0 20
m 3 12
1 10 3
2 5 5
3 6 4
t 316.0 20
m 4 12
1 10 2
2 6 5
3 6 4
t 315.0 20
m 4 12
1 11 2
2 6 5
3 6 4
t 314.0 20
m 4 12
1 10 2
2 5 5
3 6 5
t 313.0 20
m 4 11
1 10 3
2 5 4
3 5 5
t 312.0 20
m 3 11
1 10 4
2 5 5
3 5 6
t 311.0 20
m 3 11
1 11 4
2 5 4
3 5 7
t 310.0 20
m 4 11
1 10 4
2 5 5
3 5 7
t 309.0 20
m 4 10
1 9 4
2 5 4
3 5 7
t 308.0 20
m 4 11
1 9 4
2 5 5
3 5 7
t 307.0 20
m 4 11
1 9 4
2 4 5
3 5 7
t 306.0 20
m 5 11
1 10 4
2 4 5
3 5 6
t 305.0 20
m 5 11
1 10 3
2 5 5
3 5 6
t 304.0 20
m 4 11
1 10 2
2 4 5
3 5 5
t 303.0 20
m 4 12
1 9 2
2 4 5
3 6 5
t 302.0 20
m 3 12
1 9 2
2 4 5
3 6 6
t 301.0 20
m 3 11
1 10 2
2 4 5
3 6 5
t 300.0 20
m 3 12
1 11 2
2 4 5
3 6 6
t 299.0 20
m 3 11
1 10 2
2 4 5
3 6 6
t 298.0 20
m 3 12
1 10 2
2 4 5
3 6 7
t 297.0 20
m 3 11
1 10 3
2 4 5
3 6 8
t 296.0 20
m 4 11
1 10 2
2 4 5
3 6 8
t 295.0 20
m 3 11
1 11 2
2 4 5
3 6 8
t 294.0 20
m 3 11
1 11 2
2 4 5
3 6 8
t 293.0 20
m 2 11
1 11 2
2 4 5
3 6 7
t 292.0 20
m 2 12
1 11 2
2 5 5
3 5 7
t 291.0 20
m 1 12
1 10 2
2 5 4
3 5 7
t 290.0 20
m 1 13
1 11 2
2 5 4
3 5 6
t 289.0 20
m 1 13
1 11 2
2 5 4
3 5 6
t 288.0 20
m 0 13
1 11 2
2 5 4
3 5 7
t 287.0 20
m 0 14
1 10 2
2 5 3
3 5 7
t 286.0 20
m 0 14
1 10 3
2 5 4
3 5 7
t 285.0 20
m 0 14
1 10 3
2 5 4
3 6 7
t 284.0 20
m 0 14
1 10 3
2 5 4
3 7 7
t 283.0 20
m 0 14
1 10 4
2 5 5
3 7 7
t 282.0 20
m 0 14
1 10 3
2 5 6
3 7 7
t 281.0 20
m 0 14
1 10 2
2 5 7
3 7 7
t 280.0 20
m 0 14
1 10 2
2 6 7
3 7 7
t 279.0 20
m 0 13
1 11 2
2 5 7
3 7 7
t 278.0 20
m 0 13
1 11 2
2 5 6
3 7 7
t 277.0 20
m 1 13
1 11 2
2 5 5
3 7 7
t 276.0 20
m 1 13
1 11 2
2 4 5
3 6 7
t 275.0 20
m 1 13
1 11 2
2 4 5
3 5 7
t 274.0 20
m 0 13
1 11 2
2 4 5
3 6 7
t 273.0 20
m 0 13
1 10 2
2 4 5
3 5 7
t 272.0 20
m 0 14
1 10 3
2 4 5
3 5 6
t 271.0 20
m 0 14
1 10 2
2 4 5
3 5 7
t 270.0 20
m 0 14
1 11 2
2 4 5
3 6 7
t 269.0 20
m 0 14
1 10 2
2 4 5
3 6 8
t 268.0 20
m 0 14
1 11 2
2 4 5
3 6 8
t 267.0 20
m 0 14
1 11 2
2 4 5
3 6 7
t 266.0 20
m 0 13
1 11 2
2 4 5
3 6 8
t 265.0 20
m 0 12
1 11 2
2 4 5
3 6 8
t 264.0 20
m 0 12
1 11 2
2 4 5
3 6 8
t 263.0 20
m 0 13
1 11 2
2 4 5
3 6 8
t 262.0 20
m 1 13
1 11 2
2 5 5
3 6 7
t 261.0 20
m 1 13
1 11 2
2 4 5
3 6 8
t 260.0 20
m 0 13
1 11 2
2 4 5
3 6 7
t 259.0 20
m 0 13
1 11 2
2 4 5
3 6 6
t 258.0 20
m 0 12
1 11 2
2 4 5
3 6 7
t 257.0 20
m 1 12
1 11 2
2 5 5
3 6 6
t 256.0 20
m 1 12
1 11 2
2 5 6
3 6 5
t 255.0 20
m 2 12
1 11 2
2 5 5
3 6 5
t 254.0 20
m 2 12
1 10 2
2 6 5
3 6 5
t 253.0 20
m 2 12
1 10 3
2 6 6
3 5 5
t 252.0 20
m 2 11
1 10 3
2 5 6
3 6 5
t 251.0 20
m 2 11
1 10 4
2 6 6
3 5 5
t 250.0 20
m 2 10
1 10 3
2 6 6
3 4 5
t 249.0 20
m 2 10
1 10 2
2 6 6
3 4 5
t 248.0 20
m 2 11
1 10 3
2 5 6
3 4 5
t 247.0 20
m 2 12
1 10 3
2 5 7
3 5 5
t 246.0 20
m 2 11
1 10 4
2 6 7
3 6 5
t 245.0 20
m 2 12
1 11 4
2 5 7
3 5 5
t 244.0 20
m 1 12
1 10 4
2 5 7
3 5 4
t 243.0 20
m 0 12
1 10 3
2 6 7
3 5 3
t 242.0 20
m 1 12
1 10 3
2 7 7
3 4 3
t 241.0 20
m 2 12
1 10 3
2 7 7
3 4 3
t 240.0 20
m 2 12
1 10 3
2 8 7
3 5 3
t 239.0 20
m 2 11
1 10 4
2 9 7
3 4 3
t 238.0 20
m 2 11
1 11 4
2 9 8
3 4 3
t 237.0 20
m 2 11
1 11 5
2 9 8
3 4 3
t 236.0 20
m 2 10
1 12 5
2 9 7
3 4 3
t 235.0 20
m 2 11
1 13 5
2 9 6
3 3 3
t 234.0 20
m 2 10
1 12 5
2 9 6
3 3 3
t 233.0 20
m 2 10
1 11 5
2 9 5
3 3 4
t 232.0 20
m 2 10
1 11 4
2 9 5
3 3 4
t 231.0 20
m 2 10
1 10 4
2 9 5
3 3 3
t 230.0 20
m 2 11
1 9 4
2 9 4
3 3 4
t 229.0 20
m 2 10
1 9 4
2 9 5
3 3 4
t 228.0 20
m 2 10
1 10 4
2 9 5
3 3 4
t 227.0 20
m 2 10
1 10 3
2 9 5
3 3 4
t 226.0 20
m 2 9
1 10 3
2 9 5
3 3 4
t 225.0 20
m 1 9
1 10 4
2 9 6
3 3 4
t 224.0 20
m 2 9
1 11 4
2 9 6
3 2 4
t 223.0 20
m 3 9
1 10 4
2 9 6
3 2 4
t 222.0 20
m 4 9
1 10 4
2 9 7
3 3 4
t 221.0 20
m 4 9
1 11 4
2 9 7
3 3 4
t 220.0 20
m 3 9
1 10 4
2 9 7
3 3 3
t 219.0 20
m 4 9
1 10 3
2 9 8
3 4 3
t 218.0 20
m 3 9
1 10 3
2 9 8
3 4 3
t 217.0 20
m 3 9
1 10 3
2 9 8
3 5 3
t 216.0 20
m 3 9
1 10 4
2 9 8
3 5 3
t 215.0 20
m 2 9
1 10 3
2 9 7
3 5 3
t 214.0 20
m 1 9
1 10 3
2 8 7
3 4 3
t 213.0 20
m 1 9
1 10 3
2 8 7
3 4 3
t 212.0 20
m 1 9
1 10 2
2 9 7
3 4 3
t 211.0 20
m 1 9
1 10 3
2 9 8
3 5 3
t 210.0 20
m 1 9
1 10 3
2 9 8
3 4 3
t 209.0 20
m 1 9
1 10 3
2 9 8
3 4 3
t 208.0 20
m 1 9
1 10 2
2 8 8
3 4 3
t 207.0 20
m 1 9
1 9 2
2 8 9
3 3 3
t 206.0 20
m 1 9
1 9 1
2 8 9
3 4 3
t 205.0 20
m 1 9
1 9 2
2 8 9
3 3 3
t 204.0 20
m 1 9
1 9 1
2 8 9
3 3 3
t 203.0 20
m 1 9
1 9 2
2 7 9
3 3 3
t 202.0 20
m 2 9
1 10 2
2 7 9
3 3 4
t 201.0 20
m 2 10
1 10 3
2 7 9
3 3 4
t 200.0 20
m 2 10
1 10 2
2 7 9
3 2 4
t 199.0 20
m 2 10
1 10 2
2 7 9
3 2 5
t 198.0 20
m 2 11
1 10 2
2 7 9
3 2 4
t 197.0 20
m 2 11
1 9 2
2 7 9
3 2 4
t 196.0 20
m 2 12
1 9 2
2 7 9
3 1 4
t 195.0 20
m 1 12
1 10 2
2 8 9
3 0 4
t 194.0 20
m 1 12
1 11 2
2 8 8
3 0 3
t 193.0 20
m 2 12
1 10 2
2 9 8
3 0 4
t 192.0 20
m 2 12
1 9 2
2 9 7
3 1 4
t 191.0 20
m 2 12
1 10 2
2 9 8
3 1 5
t 190.0 20
m 3 12
1 11 2
2 8 8
3 1 5
t 189.0 20
m 3 11
1 11 2
2 8 7
3 1 4
t 188.0 20
m 4 11
1 11 2
2 9 7
3 0 4
t 187.0 20
m 4 11
1 11 2
2 9 7
3 0 4
t 186.0 20
m 4 12
1 11 2
2 9 8
3 0 3
t 185.0 20
m 4 12
1 11 2
2 8 8
3 0 2
t 184.0 20
m 4 13
1 11 2
2 8 8
3 0 2
t 183.0 20
m 4 14
1 11 2
2 8 7
3 0 3
t 182.0 20
m 4 14
1 10 2
2 8 7
3 0 2
t 181.0 20
m 4 14
1 10 3
2 9 7
3 0 2
t 180.0 20
m 3 14
1 10 2
2 9 7
3 0 2
t 179.0 20
m 3 14
1 9 2
2 9 7
3 0 2
t 178.0 20
m 3 14
1 9 1
2 9 7
3 0 1
t 177.0 20
m 3 14
1 9 2
2 9 6
3 0 2
t 176.0 20
m 3 13
1 9 2
2 9 5
3 0 2
t 175.0 20
m 3 13
1 10 2
2 9 5
3 0 2
t 174.0 20
m 3 13
1 11 2
2 9 6
3 0 1
t 173.0 20
m 3 13
1 10 2
2 9 5
3 0 0
t 172.0 20
m 3 12
1 10 2
2 9 5
3 0 1
t 171.0 20
m 2 12
1 9 2
2 9 6
3 0 0
t 170.0 20
m 2 11
1 9 2
2 9 6
3 0 0
t 169.0 20
m 3 11
1 9 1
2 10 6
3 0 1
t 168.0 20
m 3 12
1 9 1
2 9 6
3 0 2
t 167.0 20
m 4 12
1 8 1
2 9 7
3 0 2
t 166.0 20
m 3 12
1 8 1
2 9 6
3 0 3
t 165.0 20
m 3 11
1 8 1
2 9 7
3 0 3
t 164.0 20
m 3 11
1 7 1
2 8 7
3 0 3
t 163.0 20
m 2 11
1 8 1
2 8 7
3 0 3
t 162.0 20
m 2 11
1 8 1
2 8 8
3 0 3
t 161.0 20
m 2 11
1 8 1
2 8 9
3 1 3
t 160.0 20
m 2 12
1 9 1
2 7 9
3 1 4
t 159.0 20
m 2 12
1 9 0
2 7 9
3 1 5
t 158.0 20
m 1 12
1 9 0
2 8 9
3 1 4
t 157.0 20
m 2 12
1 9 0
2 8 8
3 1 5
t 156.0 20
m 1 12
1 9 1
2 8 7
3 1 5
t 155.0 20
m 0 12
1 8 1
2 8 7
3 0 5
t 154.0 20
m 1 12
1 7 1
2 9 7
3 0 6
t 153.0 20
m 1 12
1 8 1
2 9 7
3 0 5
t 152.0 20
m 2 12
1 7 1
2 9 8
3 0 5
t 151.0 20
m 1 12
1 7 2
2 8 8
3 0 4
t 150.0 20
m 0 12
1 7 3
2 8 7
3 0 3
t 149.0 20
m 0 12
1 7 3
2 9 7
3 0 2
t 148.0 20
m 0 12
1 8 3
2 9 8
3 0 2
t 147.0 20
m 0 12
1 8 3
2 8 8
3 0 3
t 146.0 20
m 0 12
1 8 3
2 9 8
3 0 3
t 145.0 20
m 0 12
1 8 3
2 9 7
3 0 3
t 144.0 20
m 0 12
1 8 3
2 9 8
3 1 3
t 143.0 20
m 0 13
1 7 3
2 9 7
3 1 3
t 142.0 20
m 1 13
1 7 3
2 8 7
3 0 3
t 141.0 20
m 1 13
1 8 3
2 8 8
3 1 3
t 140.0 20
m 1 13
1 8 3
2 9 8
3 1 4
t 139.0 20
m 1 13
1 8 3
2 8 8
3 1 3
t 138.0 20
m 1 13
1 7 3
2 8 9
3 1 4
t 137.0 20
m 1 12
1 7 3
2 8 10
3 0 4
t 136.0 20
m 1 13
1 7 3
2 9 10
3 0 5
t 135.0 20
m 1 13
1 7 2
2 8 10
3 0 4
t 134.0 20
m 1 13
1 7 3
2 8 9
3 0 4
t 133.0 20
m 1 13
1 8 3
2 8 8
3 0 5
t 132.0 20
m 1 13
1 8 3
2 9 8
3 0 4
t 131.0 20
m 0 13
1 8 3
2 9 8
3 0 3
t 130.0 20
m 0 13
1 7 3
2 8 8
3 1 3
t 129.0 20
m 1 13
1 8 3
2 9 8
3 1 4
t 128.0 20
m 1 12
1 7 3
2 9 7
3 2 4
t 127.0 20
m 1 13
1 7 3
2 9 8
3 2 4
t 126.0 20
m 1 13
1 8 3
2 9 7
3 2 4
t 125.0 20
m 1 12
1 8 3
2 9 7
3 2 5
t 124.0 20
m 2 12
1 8 3
2 9 6
3 1 5
t 123.0 20
m 1 12
1 8 3
2 10 6
3 1 4
t 122.0 20
m 1 13
1 7 3
2 9 6
3 2 4
t 121.0 20
m 1 13
1 7 3
2 9 6
3 3 4
t 120.0 20
m 1 13
1 7 3
2 9 5
3 3 4
t 119.0 20
m 1 13
1 7 3
2 9 6
3 3 4
t 118.0 20
m 1 13
1 7 3
2 9 5
3 2 4
t 117.0 20
m 0 13
1 7 3
2 9 5
3 2 4
t 116.0 20
m 0 14
1 7 3
2 9 6
3 2 4
t 115.0 20
m 0 14
1 7 3
2 9 7
3 2 5
t 114.0 20
m 0 14
1 7 3
2 9 8
3 2 4
t 113.0 20
m 0 14
1 7 3
2 9 8
3 3 4
t 112.0 20
m 0 14
1 7 2
2 9 8
3 3 3
t 111.0 20
m 0 14
1 7 2
2 8 8
3 3 4
t 110.0 20
m 0 14
1 7 3
2 9 8
3 3 4
t 109.0 20
m 0 14
1 7 2
2 9 7
3 2 4
t 108.0 20
m 0 13
1 7 3
2 9 6
3 2 5
t 107.0 20
m 0 14
1 8 3
2 9 6
3 1 5
t 106.0 20
m 0 14
1 7 3
2 9 7
3 2 5
t 105.0 20
m 0 14
1 7 3
2 9 6
3 2 5
t 104.0 20
m 0 14
1 7 3
2 10 6
3 2 5
t 103.0 20
m 0 14
1 8 3
2 10 6
3 2 4
t 102.0 20
m 0 14
1 8 3
2 10 6
3 3 4
t 101.0 20
m 0 14
1 7 3
2 11 6
3 3 4
t 100.0 20
m 0 14
1 7 2
2 11 5
3 2 4
t 99.0 20
m 0 14
1 7 3
2 11 4
3 1 4
t 98.0 20
m 0 14
1 7 3
2 12 4
3 2 4
t 97.0 20
m 0 14
1 7 2
2 11 4
3 1 4
t 96.0 20
m 0 13
1 7 3
2 11 4
3 1 5
t 95.0 20
m 0 13
1 7 3
2 11 5
3 0 5
t 94.0 20
m 0 13
1 8 3
2 11 6
3 1 5
t 93.0 20
m 0 12
1 8 3
2 11 5
3 2 5
t 92.0 20
m 0 12
1 7 3
2 11 5
3 2 6
t 91.0 20
m 0 12
1 7 3
2 12 5
3 3 6
t 90.0 20
m 0 13
1 7 3
2 12 4
3 2 6
t 89.0 20
m 0 14
1 7 2
2 12 4
3 2 6
t 88.0 20
m 0 14
1 7 3
2 12 4
3 3 6
t 87.0 20
m 0 14
1 8 3
2 13 4
3 3 6
t 86.0 20
m 0 14
1 8 3
2 13 4
3 2 6
t 85.0 20
m 0 14
1 8 3
2 13 5
3 2 7
t 84.0 20
m 0 14
1 8 3
2 12 5
3 2 8
t 83.0 20
m 0 14
1 8 3
2 12 4
3 3 8
t 82.0 20
m 0 14
1 8 3
2 12 4
3 3 9
t 81.0 20
m 0 14
1 8 3
2 11 4
3 3 8
t 80.0 20
m 0 14
1 7 3
2 12 4
3 2 8
t 79.0 20
m 0 14
1 7 3
2 13 4
3 2 7
t 78.0 20
m 0 14
1 7 2
2 13 4
3 2 6
t 77.0 20
m 0 14
1 7 2
2 12 4
3 3 6
t 76.0 20
m 0 14
1 7 2
2 12 5
3 2 6
t 75.0 20
m 0 14
1 7 1
2 12 4
3 2 5
t 74.0 20
m 0 13
1 7 2
2 12 5
3 2 5
t 73.0 20
m 1 13
1 7 2
2 11 5
3 2 5
t 72.0 20
m 1 12
1 7 3
2 11 4
3 2 5
t 71.0 20
m 1 12
1 7 2
2 11 5
3 2 4
t 70.0 20
m 1 12
1 7 2
2 11 4
3 2 4
t 69.0 20
m 1 13
1 7 1
2 11 4
3 2 5
t 68.0 20
m 1 13
1 7 1
2 10 4
3 2 6
t 67.0 20
m 1 13
1 8 1
2 9 4
3 3 6
t 66.0 20
m 1 13
1 8 1
2 9 5
3 3 6
t 65.0 20
m 0 13
1 8 1
2 9 5
3 2 6
t 64.0 20
m 0 12
1 8 1
2 9 6
3 2 7
t 63.0 20
m 1 12
1 8 1
2 9 7
3 2 6
t 62.0 20
m 1 13
1 8 1
2 9 6
3 2 7
t 61.0 20
m 0 13
1 8 1
2 9 6
3 1 7
t 60.0 20
m 1 13
1 8 1
2 9 7
3 1 7
t 59.0 20
m 1 13
1 9 1
2 8 7
3 1 7
t 58.0 20
m 1 13
1 9 1
2 9 7
3 1 7
t 57.0 20
m 0 13
1 8 1
2 8 7
3 1 7
t 56.0 20
m 0 13
1 8 1
2 9 7
3 1 7
t 55.0 20
m 0 13
1 7 1
2 9 8
3 1 7
t 54.0 20
m 0 13
1 8 1
2 9 7
3 1 7
t 53.0 20
m 0 13
1 9 1
2 9 8
3 1 7
t 52.0 20
m 0 12
1 9 1
2 8 8
3 1 7
t 51.0 20
m 0 12
1 8 1
2 8 9
3 2 7
t 50.0 20
m 0 13
1 8 1
2 7 9
3 2 6
t 49.0 20
m 0 14
1 8 1
2 7 9
3 2 5
t 48.0 20
m 0 13
1 7 1
2 7 9
3 2 4
t 47.0 20
m 0 13
1 8 1
2 7 9
3 3 4
t 46.0 20
m 0 13
1 7 1
2 7 9
3 3 4
t 45.0 20
m 0 13
1 7 2
2 7 9
3 3 4
t 44.0 20
m 0 13
1 7 2
2 7 9
3 3 3
t 43.0 20
m 1 13
1 7 1
2 7 9
3 3 3
t 42.0 20
m 1 13
1 7 1
2 7 10
3 4 3
t 41.0 20
m 1 13
1 8 1
2 8 10
3 5 3
t 40.0 20
m 1 12
1 8 1
2 9 10
3 5 4
t 39.0 20
m 0 12
1 9 1
2 9 10
3 5 3
t 38.0 20
m 0 13
1 9 2
2 8 10
3 5 3
t 37.0 20
m 0 12
1 9 2
2 8 9
3 4 3
t 36.0 20
m 1 12
1 10 2
2 8 9
3 4 3
t 35.0 20
m 2 12
1 11 2
2 8 8
3 4 3
t 34.0 20
m 2 12
1 11 2
2 9 8
3 4 3
t 33.0 20
m 2 11
1 10 2
2 8 8
3 4 3
t 32.0 20
m 2 12
1 10 3
2 9 8
3 5 3
t 31.0 20
m 2 12
1 10 3
2 9 8
3 5 3
t 30.0 20
m 1 12
1 10 4
2 9 8
3 5 4
t 29.0 20
m 1 13
1 10 4
2 9 7
3 5 4
t 28.0 20
m 1 13
1 10 4
2 9 8
3 5 3
t 27.0 20
m 1 13
1 9 4
2 9 8
3 5 3
t 26.0 20
m 1 13
1 10 4
2 8 8
3 5 3
t 25.0 20
m 0 13
1 11 4
2 8 8
3 5 3
t 24.0 20
m 0 12
1 11 5
2 8 7
3 4 3
t 23.0 20
m 1 12
1 11 4
2 9 7
3 4 3
t 22.0 20
m 0 12
1 11 4
2 9 6
3 5 3
t 21.0 20
m 0 12
1 12 4
2 9 7
3 4 3
t 20.0 20
m 0 12
1 12 4
2 9 7
3 4 3
t 19.0 20
m 0 13
1 13 4
2 9 6
3 5 3
t 18.0 20
m 0 14
1 13 4
2 9 5
3 5 3
t 17.0 20
m 0 14
1 13 4
2 9 5
3 5 4
t 16.0 20
m 0 14
1 13 4
2 9 6
3 6 4
t 15.0 20
m 0 14
1 12 4
2 9 7
3 6 4
t 14.0 20
m 0 13
1 13 4
2 9 7
3 5 4
t 13.0 20
m 0 14
1 13 4
2 8 7
3 5 3
t 12.0 20
m 0 14
1 13 4
2 7 7
3 4 3
t 11.0 20
m 0 14
1 12 4
2 7 7
3 4 3
t 10.0 20
m 0 14
1 11 4
2 7 7
3 4 3
t 9.0 20
m 0 14
1 12 4
2 7 7
3 4 3
t 8.0 20
m 0 14
1 11 4
2 7 7
3 4 3
t 7.0 20
m 0 13
1 10 4
2 7 7
3 3 3
t 6.0 20
m 0 13
1 10 3
2 7 7
3 3 3
t 5.0 20
m 0 13
1 10 3
2 7 7
3 3 3
t 4.0 20
m 0 12
1 10 2
2 6 7
3 3 4
t 3.0 20
m 0 12
1 9 2
2 5 7
3 2 4
t 2.0 20
m 1 12
1 9 2
2 5 7
3 2 4
t 1.0 20
m 0 12
1 10 2
2 5 7
3 2 4
t 0.0 20
